# Created by Octave 4.0.0, Thu Apr 06 22:59:57 2017 BST <mno@mno-xps13>
# name: o
# type: matrix
# rows: 1
# columns: 1000
 -36.88428939449736 -49.41441570740338 52.36255611099618 -62.45630439845578 21.93475348025623 34.56442148307396 -27.409202462637 -32.14059747160641 18.10184362797023 -31.14640930525581 84.14226467106116 15.76414208884605 39.31172336158609 93.55950104035503 68.1563057264874 -48.7385136160138 -75.18594111832782 53.23897027129178 -16.28875712155251 53.23655402911653 -66.93116987437915 -97.07158275156613 -80.00693106351949 -92.21476847040084 -83.37442506988101 -70.25028946579822 26.75998494282759 -37.05898332349356 -41.06785883971158 -68.58954902437334 -88.83189195314077 -73.98741948520426 -45.97229854197278 -52.01674235491635 16.85904555241533 12.60183635068346 -31.47670615891299 95.4031893138351 81.55947750185261 -18.51756382215207 -62.82241545111952 -30.27823657253543 48.64438438827469 -91.51158798080505 -87.44734181064307 75.82919283353534 -44.83818789325001 -51.26430830010792 -16.50389913676197 28.64750794358251 -23.71247584590963 79.60688519349334 55.62383394994352 -77.94754129276336 -4.550790600163954 60.45116976283792 -81.90249054751746 56.2315458049281 -65.97145606841215 10.08017749824418 32.08652320274583 13.39942748484155 -65.12015277556901 -38.01913131108517 -21.92818014659197 9.032156618563858 44.56854247009134 -77.31526461629696 6.01677148055905 18.15685635963252 -35.28268289011972 22.91351142618935 -82.1344183839177 -34.03869128885766 21.09801815896372 -53.97918229271427 33.07431867199452 -37.19761388478977 95.75460099380592 42.75004106195399 15.7190738941771 76.58058211592868 -71.75293207322338 85.60600893299701 35.22695748586335 26.58026712661049 -28.02975215704915 -31.72195472550928 82.35873402858832 62.50122976573118 4.917687972049004 -77.88885948646899 32.00858234301887 71.56302149868452 99.98349597570525 -7.681963218501503 0.6821099936601835 -77.59766878204253 -79.6721110128174 -36.63427559740222 -34.6689103261258 72.44646526003623 -90.9824206552739 -27.50895398711958 27.00386323922425 11.75229348772511 -76.34902087983284 18.26698910328651 -76.61857071655075 -22.65959891316125 25.6879882076639 95.99533692751827 36.02640999831151 -1.180294917189947 -27.54917703754796 88.80771254013941 -20.17242137970092 56.23224644978533 -88.93044793568671 94.29581671896101 28.56008234436159 -47.9262161144915 24.66482790585846 10.75617285928061 61.51134502574646 -66.27729165373565 75.9642000530073 6.550277521598959 47.25390024215849 -18.01824508068531 -85.67793568711369 21.50197436972362 -6.620066236573609 -28.70196066561494 -32.50727443390561 -2.142373726255498 92.00177635876977 20.54421488501658 -7.677428807690092 55.24647841798915 19.75455111479747 27.99932239366113 45.15000653640161 50.32105694903773 92.44413012821289 58.47216732597019 -36.56481752038947 7.439427106125487 42.99749465846792 -72.13387486685579 -40.12107830121085 15.37229157315695 42.21707930185216 -43.97990670874282 97.77720891112051 -99.37118773530956 -5.070640792873704 40.45147910370931 47.97850970735227 23.47680042618052 96.53549341426292 70.57110102882035 60.76685960885854 -14.0532440367678 68.80698609226398 -86.38713106313236 40.84306914989116 -64.24039796472323 33.35065464671912 -11.02804906980889 -96.73459456924866 -83.26903834421778 54.86931028060194 -49.24846493591399 90.4068233666496 -52.28627343135604 79.42835143390562 17.4803957331984 -46.36124129561318 -27.85961361476059 -12.51686156595139 -14.9787137584768 -93.30526748069107 7.097470148344629 35.93092169465535 32.03923696955161 57.60222319566073 93.56157740039265 54.23578752846151 -5.796849068595496 67.12880511531458 -51.79346091023853 35.69420972286699 -60.2896832146581 -34.03930434321024 9.236091466830425 78.42277432383023 42.22578879673613 11.40204086904084 53.3445613598377 24.74347833180185 73.28710719312063 -31.90908212928168 9.449281056130543 79.53265747518002 -17.24010117489204 -37.90350685655048 -56.01468216436919 16.4672430143575 77.3779591058607 89.23419588768925 -72.5985339558723 -27.23240156318014 -56.02385010491846 -5.550356629496813 50.67263211215506 32.61232485792242 56.27519575996006 95.98249836604667 65.0988000306706 -67.08666687674004 37.35002767486178 54.61213162453683 84.59116658850162 -53.11545939529461 57.66871937615598 3.313955581947703 -56.72094864358369 6.031316732621177 40.90511755429264 -9.74713325835191 -81.92501868602363 -89.05190750734289 91.91877602637348 -67.53645459166171 -11.0931340218843 64.1833016540392 45.31653733479061 -89.06359545541845 -24.70581823509816 39.01054890463624 41.74641195938195 -16.94554813024139 41.21465167079464 -47.95343749108164 -49.69890082060904 -84.53600116467661 -35.77857791247278 67.73069821625745 -13.55486464835736 -89.2513771160035 26.1530987791777 -87.4834959805962 -53.02966312007798 -78.14355443901633 33.53170133559254 78.10304779559593 86.43535876573452 -89.00479248002362 19.24107327354606 -63.0855447912681 60.18501917285845 -99.98133695130754 -67.0339319930377 35.81964356367246 17.19089849330665 40.03135939899094 -17.33028862315409 -29.39252021350405 -18.6727267076437 68.16234651947593 -3.948256862814686 36.062180119757 -56.96712342871913 33.27760704160445 8.124166698646764 -68.84581191216374 -5.503247428045667 -35.07707543467963 -1.556326563232606 12.88207752417343 -32.6901342099479 12.07251944103752 22.96147226438977 -28.4682216105869 -25.96834609028348 59.7153118785893 98.98228903430645 -22.30121898384674 -98.50019699134414 -31.46138569688371 -5.457038357498186 21.34872867002931 74.44031047761074 14.76144733719066 -32.40182830383611 -99.76818017913239 -36.13368598270009 -0.6345442993278317 21.94293149461186 -69.79933669935959 61.18092851097263 -39.75602215514289 -43.8485990100839 81.00403067009313 -4.887465931422148 78.75948466704497 -71.77225390842527 -64.53831955710488 4.523923238475025 69.35628646152594 0.6567860804106699 -11.54405465862472 -89.52667461677743 31.54194807804792 9.484731637984932 -30.94742603538467 -56.84978621642829 8.2277325696984 -29.0433794384113 39.26493575977317 26.02660457514191 -7.322413603611251 69.34126490788474 25.02734428060449 32.82159009336095 -8.617312412278771 -5.597411006560572 -56.74227079093578 -43.27305177318304 -50.19342098295729 -72.0480054344925 16.52425096103078 78.75514402971235 55.1221443447152 79.37815829078252 -65.04481126101442 45.5740619985252 -49.08966066578429 -73.9352525875621 -41.54661280302921 -57.36902071957724 -75.43807597488271 17.00877080190275 57.16118795042702 57.5448338998657 60.07215947212406 24.58424171475985 39.89578791285094 -79.89613552834192 -34.38844655151214 11.59377890067485 -1.875462415694265 90.63923652672344 25.91041160196089 -37.57791710406017 66.07602663594363 -41.41353395758009 -24.60326727966937 6.979125826141061 41.61690684790499 91.2331334451362 -78.17112329909023 -65.60236859561897 35.35518261116059 -82.64272700232681 -61.74240212800444 -74.02598116771321 33.1684158631949 51.0131110357366 -21.19893845234462 -11.76181219886459 -21.76287096597596 -65.47797468635733 -10.87494000193222 -48.64677199364454 87.71878815061879 31.60657748057418 18.7066687142031 67.99733412926399 22.34457099114203 69.96175399581504 -93.77746474458189 -73.29903798270838 -39.87031427773668 54.12537577789682 23.11447975090369 33.96115354206895 -5.91687307959286 -25.36008337554412 -59.32104234169506 39.08758602953172 -85.56209090493888 -62.52653289526071 -99.49036074131665 -0.2598344346798371 22.51979800120314 -46.91240035100264 -65.45646553337141 -77.90617363645843 84.99133425594701 -45.98525080885801 -22.12868130853872 -53.61974024613065 23.57917801823078 -1.919271660020321 -38.6426560528946 92.24360165292451 32.77372106712189 -79.24382403028514 -50.51456887709064 -15.28822327994954 -44.67280757946947 -11.04419678101137 -80.70595712499156 -11.29287540490793 61.71913399915672 -86.76727857926647 -79.42913692232042 -1.958659024844124 -49.88526952615671 1.406935736007212 14.25000830333366 -59.99039783715106 90.85708057494881 -10.5351882688202 -45.79415957348579 35.43720512651181 