# Created by Octave 4.0.0, Thu Apr 06 22:59:57 2017 BST <mno@mno-xps13>
# name: o
# type: matrix
# rows: 1
# columns: 1000
 -2.118269336816025 3.634301565720754 -2.451058767178877 -3.402919618714662 1.558970773756733 -3.02663412219797 3.960999101615077 -2.488964475734255 -1.847773733644231 2.720727782957768 -1.941467247129128 -0.3010609444983691 1.666823054916734 1.144100579489564 2.570999564532016 1.636321092897966 2.261852654669357 0.7605455144694444 3.964125418799436 -0.8572710656512711 -2.294382988456225 2.734857244611719 -3.423162972370885 2.819019115827174 3.911590445148994 3.714463641867844 -4.248556789662179 -1.635607373591089 2.824592864361544 3.405519803879196 4.945078420275269 4.335423313798624 -1.048029741504368 3.3978752713092 3.455157301653306 -0.1596820490013033 1.143255599473686 -0.506665990818878 0.2741503798541821 1.962822493222129 -2.894464841646156 -0.1943881540299087 -3.354552758240982 2.531657726637249 0.5568488236607656 -4.314590546978007 -4.113808265717632 1.160805034516417 -1.534782974809155 4.344557879941728 -1.370502094334428 -2.128296091270298 -2.243143146102804 -0.7864686468368074 2.324024111754637 -0.2258251291812328 -4.295822525055607 1.783601462192012 1.744303798254974 2.984565396882302 1.025593373699427 2.714895932096027 4.244705075220379 2.88297260730896 -4.872313791760247 -3.903998431594648 3.979078399686286 2.128970996355521 -1.684331532120527 -2.587943611849417 -4.813584752589943 2.544802975193128 -2.022518723281708 3.166014549362232 3.117028860618969 3.715188212194515 -0.2181786444480513 4.136949324588828 0.4815039667831788 3.96823637916731 0.4588407444858498 3.773097591987795 -3.23700499771049 -3.218265663423647 0.348614081976541 0.4687703884377241 1.740578188431332 2.071809922089883 1.453990731301924 -0.4674857491793427 -4.322341924095757 -1.902684375284824 -2.961340270989292 3.274413134582812 0.1307637305542051 -0.8027620844007055 -3.214615403684783 -3.311061757259797 0.7212312886389438 2.463301969556994 -0.1092851171468733 -1.951852862420542 4.238059586282033 -3.21447644413996 4.680910965539083 -2.141529407105634 -2.226674516213309 -0.5716195259383479 -3.444945478208588 3.907265328543016 -0.6008843224445571 3.629470440794973 -1.15654606308361 0.1296231646779153 3.932687473963994 -0.7340950891302065 4.556310821330565 0.7961690990500039 -2.137571032408343 0.9317535698607042 -1.938805420517394 -1.804050883804582 -3.772403512757752 3.644816789135032 -2.905658193416243 4.882497396052354 -3.547453921741095 -3.416490106015809 -2.935787843479467 2.086968054915694 3.32865338490784 -4.199378536775822 -0.9189377291654164 -4.832958080005407 -2.192958834901219 2.990939041920496 -3.877398748910994 -3.235758092861627 -2.397354858222176 1.671099850284816 -2.94027127997442 1.818479209290511 -0.6378552639518322 4.720284852611823 3.34397090827515 -3.79886277029629 1.389591300008838 -4.192964078232546 0.2461217576631546 -2.637302006697753 -4.568692862328254 2.319699416821701 0.5886158299435004 1.311562961283982 -1.391282885311464 -0.2476666582170101 2.098031219426931 -2.92401848833479 -0.3392543623775974 -0.2740562152328239 1.619422048708499 -3.234539859567156 1.643001603233354 2.721636634338123 -3.008739964813094 -2.632587186814964 3.521365097011795 3.593687269293044 -2.69425249605311 -3.932318413223946 1.667536202780859 0.2431070583152916 -3.775544604400643 -0.6367233254187123 3.75082599181205 4.918610037240911 2.693682859507514 -4.501329134921611 -3.693371938533528 -0.5031028447493601 -0.7600728679831708 -4.1734439919051 0.8930729115772855 0.2839067035752311 3.027561337483525 -0.7087039238854063 0.5553339582174379 0.9913206954550013 1.903314697412611 3.475324758129866 4.269709269448381 -1.039840607446192 -3.950104800409607 -1.226619879266967 1.586376395873943 -3.491804919602388 -1.541643257373803 -2.263006073032929 -0.4025038577132395 -3.877153282174504 3.719931694364243 -2.456420388540913 0.3231244184029696 2.352709515639672 -1.071459474114589 -2.668461157515516 -0.5517152984453224 -3.498714311748723 -0.8187036443260269 -0.3466904106919105 -3.22597081514806 -3.605374829500198 3.41564396439125 -3.869397166625829 -2.100982855677483 0.6400467153314647 3.030637797129414 -4.21695143031317 -1.390009107849046 0.7949692057679186 1.067417080540336 4.57558822629565 2.09914332981627 -3.166064692974913 -1.181036323286625 -0.9612272579571334 -4.913426513771419 -1.478720972759076 -4.895720989830444 -2.078198390151782 -2.834567619535582 0.8788975059007134 0.4007870701142 1.980759622952122 4.776985771623377 0.6100908596553863 -4.610224795956027 -1.288308682538022 0.5795993109233004 2.069705435665732 3.154491585295228 -2.700560145148753 0.6003954622439143 0.04275669750688538 -0.7159949932091253 -2.178462304461643 1.104149821276432 4.399914130907845 -0.6459099283742863 0.9497948781234027 2.638444192883502 -4.164735629077017 0.5935970222099062 1.78870742013435 -2.637351023616778 -3.98711449607624 3.344348894576428 -3.090453122832397 -1.795367874101883 -2.961858434728541 -3.396358604381173 1.879591006381478 -2.981918555975023 4.338717217771658 -0.9693795523239916 4.290666929162393 -0.2702888177142068 1.270270476308137 0.4208880570109171 -2.54125209288186 -0.6117321560745252 -4.107775138364456 -0.9326788505167021 3.744133014291037 4.970920590881244 -1.788228012501627 2.471989757799941 4.824373085110508 3.266395385621894 2.731453546104039 2.305212440993522 -0.2900922283393462 4.724928374688845 1.32974846366701 -4.608599359399495 -0.6929784913755499 -2.588680526264019 -1.07696960896461 4.545931597053528 -1.586352401153125 0.07722174605234966 -2.431145578814608 -4.790457517121935 -1.939695843440139 1.855091347867887 3.82071568561916 -0.2931434401760442 3.327065779155038 3.662526053320976 -2.737349644039322 -0.08078914739588405 -2.250718278943209 3.025091196934042 0.5975681305020266 2.632172452290496 -2.540471492993983 0.6377574035187789 -0.487738691043914 -1.883609268745969 3.028878263338261 1.107308008520409 0.828648369686492 3.0424667334696 4.980104471856123 1.389783720332711 -2.847296950028451 -0.3314787910725641 1.766802649125614 0.9042036675932241 -2.477764491281081 1.219813612360348 1.913968303414876 2.995803148127202 -0.9685487454140382 4.575019583723282 2.267285773532882 0.3601841598477598 -0.5024782800816919 -0.9763487360026597 3.110613574236072 -1.907781504830325 -0.01288915982691754 4.747739925576065 -2.763389357827506 -1.920942085970478 0.3810499001223782 -4.526123346017977 4.030331283192242 4.284391770862896 -4.540576757868986 0.7856693155701044 3.525076597235823 4.648874962089102 -4.032110751260755 -0.6955518304347301 1.096925972937704 0.9732992082728584 -1.678357917673426 1.173273670140356 -0.6218716341149793 1.768523923843417 2.505665664579463 3.764118464568674 0.9034953936416623 -2.52172898437653 -3.104986055446133 -2.193038722462409 0.3901115784753371 2.2814513692593 -1.327902925019455 -0.7777633884189001 -3.411355529651717 1.462858193237465 -3.741426510961465 -3.032833949119519 0.2334465635662073 1.058351478534289 -4.09429979284871 -4.980152174886362 -2.705244620167516 2.189527226658975 2.202512184709259 -2.884976779678746 -4.519857287713503 -1.575988077655567 -0.5263127267356259 3.214065332725108 1.843088921106233 1.147706689079925 0.7036486129266422 -3.148759460918645 -1.711062404677237 0.6396411418981054 0.762245200678757 -0.1156428117828754 3.24988483888496 4.472708656059032 -0.8979049616758766 -3.696380166689395 -0.05866817920004132 -3.617734372562905 1.958266204424947 -1.498508268041196 -0.3092241495510252 0.28598356690399 -3.429277927672016 -2.257815486709584 -2.060836541417639 -0.1251819934088517 1.738748941619586 0.9433986155622803 0.5596944138769491 3.094904767578746 -2.886334584645649 1.079482866503183 -1.577146873837409 -0.7393880273310869 2.569255864376856 -2.671513665662317 3.535039931421632 0.3852541052666661 -2.172331830263011 3.902903087751835 3.988725755750593 2.869383206299083 -3.385690030803012 -4.277166828673803 -1.911677007051129 -0.8243629349157719 0.4699019368789047 -3.7331863886448 -3.803813600267829 