# Created by Octave 4.0.0, Thu Apr 06 22:59:57 2017 BST <mno@mno-xps13>
# name: o
# type: matrix
# rows: 1
# columns: 1000
 22.93985796368921 -26.21584707620011 3.044270696547692 -11.68376547641336 -2.842783436778916 0.5871303356048394 26.85148623585218 -14.2698413144323 -7.261068278728329 11.6895076609612 -6.29225601678758 11.311415859615 -15.65003107457072 0.695775869623912 -18.21406650823544 18.77573533563947 -7.7566735920105 9.452463525513556 -0.5461153675277206 1.020876122100595 -22.39933089576223 17.23049746485787 -7.608223147012218 6.936819840567799 9.337240728446391 11.26513961985335 6.096510147177801 26.80520268364191 -2.869148479148398 -30.76999907427091 -11.253237159531 -6.8089285801475 -12.69508084906417 15.13372942343175 12.62315767240332 16.34989573628125 4.55685870594149 16.61382891847213 27.72735160066258 20.0497755484732 24.22654844525111 -25.17117827366894 18.10366918385874 -3.127461282690085 3.968850328882016 -12.97239541159833 -16.2953647354112 -11.63151568960973 -9.397075237981246 6.990385246408514 -22.99656646787298 9.009875168135784 -7.664160486893784 -3.347010436455643 17.0699766406852 20.15530277607327 -14.58641174440538 -4.622215925894263 5.048274082932328 0.2585995010458974 21.132967884483 -15.70373515179889 23.37507816129643 16.24895641814479 -5.958574926316435 25.30742501046879 -31.91285993730953 -5.476136522872828 6.111732257674013 -2.730745754457049 23.75546288414104 -3.898181883761047 14.67993045156216 -20.67979218781977 -28.98614023462026 -18.16403034059255 -0.3116268238922121 -3.14773952251712 16.53968462521312 -17.72826921131409 15.5887461697464 5.017639913038245 -24.82496679834523 21.28293769089512 -1.493548809427639 24.19702751965826 7.756956895314616 -15.03037930866629 30.43826561583298 16.37729164949948 14.61896920006203 10.19561244889218 -21.01948233300179 22.57994547954882 24.05548832595147 -1.195910146148242 31.27621225324002 -24.82748667784134 5.146539136695969 -3.392999506395188 21.28565256432752 -4.178615370273578 31.2884123696216 12.43292242736332 -21.62126611870161 -9.052938233769183 -19.73023559809052 -21.24175064046977 -3.440132796752785 22.78406198086676 -9.687971543497104 18.52862577355221 -14.60401091704816 -17.60514044007363 13.37280207412728 -12.07601082989946 6.624104819716899 -15.62819779798696 25.90272583293848 23.04860894500238 18.29385007775137 2.686325933554655 6.071374786879744 -21.74983934776981 21.50418127552078 -19.05699530518956 10.36644303888495 -23.65576303077509 27.19433376401801 26.65521749426341 26.6073930770407 -29.32233053313533 -7.990300776197151 4.208664564745049 24.17373796611094 -30.39916981851387 6.248771667874805 -22.05193390732403 -4.909943154738251 -26.94337786494791 3.891335329304152 15.34320085655559 26.83510175182714 -22.48253477415572 0.01789741295698558 2.2483639033526 -11.3772063415066 19.2025855143189 -2.998971293756499 -14.1503646281087 -12.51159065022294 -1.345131226151617 -13.36379084012831 -24.62314058526756 -5.411893122174607 -4.309647003795416 -23.74614010824005 4.097854376930798 21.56644039010351 -5.65626186453646 -2.341168670145912 -1.972421022784487 29.65828092409251 -5.962774439267279 29.39506074942539 -19.12215726365248 2.836380551282834 2.264923117779129 26.84712261962985 5.177492193180784 -12.97002206180295 -7.548713626409095 25.87645271661228 13.35337164346787 -9.584919604049688 21.54708709443623 6.152327534009632 -0.8549472716728721 -15.8116293233117 27.51462689980118 5.932789066161657 -23.09748103360748 24.42714169872439 12.33315452467598 -20.85962621515315 -6.886944099524529 26.2854826451635 23.48357300793781 4.276750883651341 21.72560018938569 -24.2623006277746 -12.12475441175018 27.11412062640444 -8.383043918822878 -27.5662271855829 7.579952948898875 -24.51627150088321 31.2453591136397 6.803768820545916 -26.19467575091745 -18.15075949550725 22.32848934261358 25.23429588928946 19.68545906889646 -8.058124181670795 -15.83021092546127 16.2537474413397 8.056596994907116 -10.84655217130539 13.55352382275021 19.0563439089898 -2.862605574714738 -26.99788164084598 7.926424213373309 -31.36756364705119 -6.522978780922445 -10.4348210820991 -11.88178864141764 29.28107619404004 -21.17434780224633 24.39523878190071 -6.574925515895094 -14.55379091287971 31.10294315818441 -29.25106294658187 19.06911044868025 4.494241273678345 -30.70462931626519 18.89926912820664 22.00374528521206 -1.993416073114256 23.00767072088667 -11.18879322321148 0.358012588566165 27.70264440314132 10.66768022755036 -29.23419111016288 -7.509818622279237 -5.047369616428586 18.88133454751422 -1.57091230657072 3.548616432538362 28.26801909260288 -4.714000643343453 -13.80555409280246 -20.98220225652444 26.45854966890499 25.11169746455502 -22.93247502651008 -4.278695661850322 5.901030920465225 -7.643989286876685 21.18220749377297 2.697864565446551 -28.22290019206676 -29.8310700390907 2.619643415225897 -5.293994968033298 3.215073789628415 -1.655124738931117 18.67430051412064 -11.38909557103685 -28.38920895173787 0.8046727806623236 0.5137036125298393 -6.894764202535136 20.23111801621805 26.47253127105295 -3.517676872892227 16.69225312103645 0.7188088098563354 23.72686747416384 17.1245406123171 10.99639354766408 -30.2619625156846 31.12636287340835 -9.984615764892395 7.030050872203646 14.49624412127421 20.5954956039618 8.05245653148965 30.77037746497197 -2.637054154842178 -13.85591703444278 15.83416850672011 -30.68597084606638 -12.71656765196256 8.643368024445538 11.59779423499599 -31.21389780968344 -16.80953089195449 15.68914462524575 8.281677897108981 13.03492195659176 -29.66038830123755 3.403126163825529 2.340862668712963 -2.465892351339647 2.406100739222698 -14.97556695870088 -22.58829363380122 0.5159391617415781 17.56913930710582 29.10162751048069 7.293603955212261 19.17982687234252 2.947440003924069 -1.390677834738665 14.2148374918839 -27.40698564414875 0.4508517750592825 5.559534213021782 -2.137690288775757 20.69243366553567 -4.813915654193063 -30.10744615835263 12.3009854258143 22.5830672119117 29.13948460094247 -9.292422786707752 2.85970043068486 -27.21488407867482 23.72173782714334 -5.029864810712043 31.19532717088549 -9.636926447919537 8.798240190847313 24.41755875999577 -28.9740585691827 -15.60764343928424 22.97160974030692 5.159119964588372 -19.92941094767885 12.29796267387351 18.0277312365994 14.57922995354589 -10.65595476622074 -30.27375371859505 -1.843167594586568 -16.56649619140394 25.01167309784163 29.40633900232308 16.98644483786637 -2.509579878951201 31.18255515508648 3.227234029490879 -19.24158727760052 28.05241000325383 4.936433008334471 28.06996398309724 -2.192577926972476 2.550218962735832 30.5498798316676 -0.5049251278152914 -19.11714654627425 -29.54122605684573 -24.25122646785126 -3.563832408223826 2.129715139688305 -31.64800110864904 5.756002080575543 15.85893405906398 14.41409079240349 -6.896865645950225 0.1233518985042889 -16.86708350279788 -14.8994214210454 29.77465682881602 -8.504928817669823 23.7056940386686 13.20619750534602 10.55545788063148 -22.60503775207052 -2.058448005906975 31.00317754814949 14.65091213130051 -12.89871949209177 20.59651107699676 -4.634987392893245 -29.26152870855606 0.3823068429441284 7.268930311333031 20.26187126256642 8.17986784525058 -6.91005676859959 0.1068906084174517 4.126831058124581 -26.47312906099012 -6.536517913955715 -3.254814841019412 17.81304042440561 22.7441479301826 16.63109099976634 -22.52812909724279 6.970751681515179 2.795062543641178 0.5996284518355797 12.04973875929249 -25.50800843489431 -6.936333989239919 -12.86222756107641 23.53908199567926 15.4289258538724 22.52951263118352 -22.70713175366178 -15.80890152467397 2.530894355735704 13.60388524711523 -16.84571970123198 -15.50127319709147 -28.33579377928555 -27.66141151267286 -1.946999613293868 -13.50792954589451 -31.33122944816756 -17.07118375845764 2.1249378881237 15.1389701307387 -25.5771737701149 -2.759400538098597 -22.61653419101695 -18.4163685488045 -5.297683873416116 -5.121261719434144 26.66793153888951 17.19027044722191 15.62188738325928 -9.89509095478253 