# Created by Octave 4.0.0, Thu Apr 06 22:59:57 2017 BST <mno@mno-xps13>
# name: M
# type: matrix
# rows: 50
# columns: 50
 -0.06232517723648955 0.1024119273677635 0.09195328736047295 0.08329915511248853 0.1186471316848066 0.04153345168491367 0.2434743033186838 0.07844256502357182 0.1519997968357694 -0.07368488558797781 -0.117042336151205 0.007706776715925096 1.433795473731359e-05 -0.02700525351388979 -0.04904603283544662 -0.0617620703390598 -0.09245400441028701 -0.009110915158414314 0.1891578676643076 -0.1843006026359375 0.05765261806576806 -0.1383208949755416 0.3859911708733049 0.02223065143118825 0.09917951023500773 0.003035229500514046 0.000838052228269707 -0.01683455934190625 0.3286818177366561 0.04348618962075258 -0.1235353748646634 0.286866652704043 -0.1346645784447215 -0.1230143587973683 -0.1361123322626749 0.09339256163764925 -0.1122640194588726 0.01828967186356687 0.1810706892628703 -0.1374560654039564 0.08972620673420689 0.2789284858073043 0.1811075250102632 0.02730066546551998 -0.1117674632858338 -0.00822190248530315 -0.06864414830056341 0.226525169084538 -0.1626116919435404 -0.1796484666203328
 -0.03567527730747812 0.009183631487750988 0.06671871790063186 -0.2798418013340646 -0.1607563193474529 0.1526941021096635 0.1802741023382906 -0.009256423618548929 0.03889504630553251 0.1559948753180351 -0.118272248715683 -0.003881002095389466 -0.1488608337852397 -0.006971862486541421 -0.0728082712640752 -0.1952143502605512 -0.01842824786248087 0.1050230684691286 0.09760836251732359 0.1949863164843764 0.0006335674518302585 0.06445468963764224 -0.1062999473564735 -0.1285285128848535 -0.1977966952746064 0.04396044069468314 -0.3655659496339344 0.07374750797241812 -0.03514018603175533 0.07987550958286954 0.1136635845092389 0.07123172294678562 -0.3642691373796027 -0.3399195216794577 0.112261502443236 0.0354454500076854 0.08839656768601457 -0.1547553872282353 -0.0671198819248439 0.0166220772878368 0.175012917499213 -0.08659999978284479 0.07919935397805158 0.1948816969906604 0.04008677525988788 -0.1445245089701741 -0.122103365723644 -0.03472780361710916 0.1017412540670126 -0.04533087184833402
 -0.07700407142954681 -0.07603963064405135 -0.02737897293380323 0.009830053335030686 -0.01241740639184586 0.1067647760458565 0.07073848862118665 -0.1169216402563557 0.02794585433440838 -0.08607666673581751 0.173055223624542 -0.04501542776964908 0.2211445127520557 0.137730918299186 -0.1667331099482442 -0.2827612753334328 0.1021289975885575 -0.1867249622066026 0.08159911060001254 0.09391911898406317 0.1316519861660937 0.02498689421615946 0.2044268007129851 0.2401430024332704 0.05650643156309984 0.009393153687266417 0.1705567529913874 0.06712739600868088 -0.1262432780583206 0.1651692679063017 -0.1479328998259335 0.03707476767732189 0.005292786645047775 -0.007156329995144099 0.1641152848338287 -0.1914607856439116 -0.1531597714166596 -0.03841478741035907 0.163505385100654 0.006235064358939716 0.23151842011529 -0.2523676734548889 0.09826995419210588 0.01886269701022854 0.2924165302351523 -0.05828267678177972 -0.1079872124579038 0.04067550857459497 -0.03689696089607255 0.3370682292279008
 -0.02557257009069539 -0.1300233839382219 0.1387085463978802 -0.1348250590462065 0.1892594686452153 0.3096237085166521 0.08171345811658288 0.1315832201187366 0.1524226085622945 -0.01321120422388269 -0.221747883676141 0.00173996925631317 0.01066935268485064 0.1198902327218837 -0.1940042129259576 0.1811584155814592 0.1020016550689562 -0.1274930022905647 -0.1175800125308114 0.1421103565152571 0.00388703292511396 -0.1590972955612415 -0.09850560309935608 0.1252070173245535 0.1538023533540148 -0.1740348221871032 -0.06448105623149061 0.2121240849549511 -0.08777408588328327 0.02717340771826903 -0.1460986340919519 0.02909782696452328 -0.02164871398845804 0.0576392682332412 -0.04933237481853921 -0.246250915566033 0.03430183120847934 0.07666688224472261 -0.161676208007981 0.04276887059528561 -0.1380239841354698 0.07414302944271983 -0.193801794439142 -0.09032893199776683 -0.2818047447042892 -0.247348459121523 -0.03075105153063297 0.2185979957430362 0.1080085322490191 0.1164292895139854
 0.02843214496158618 -0.1538034265809436 0.04724450491706063 0.08377239239458718 0.02938467718194756 -0.06140579011851523 -0.2374780216051929 -0.09302961061980509 -0.03114444293672768 0.09699758530807474 -0.2827485588644399 0.2951825254972342 0.2118754364946977 -0.03206091407948192 -0.00069515225320593 0.03060653164833657 0.06430135769912712 -0.04235534866997782 0.1846791728539707 0.007127521871968832 0.1606880467312036 -0.1975291440427263 -0.2138624184371516 0.2125386872185601 -0.1961164737763902 -0.0922985201695827 0.224172284678089 -0.208584699334561 0.1071657164267404 0.03924751247308136 0.02917658537745209 -0.01602033117838711 -0.09084460782235206 -0.2117002763348361 0.0172605550954949 0.197217453383971 0.06007207626006456 -0.09178638770783053 0.1072186377857219 -0.002610250802980384 0.09803949206239906 -0.07055140367309104 0.03948722432420879 -0.1632282193390668 -0.2730370140483878 0.08926906452697381 -0.2162750675692396 -0.05147761154956045 0.1380897593204967 0.1094393075337377
 -0.1992435105806251 0.06175896258789815 0.00529763957027942 0.07424662452996893 -0.08231888894611414 0.02742515397798732 0.3383616088784617 -0.1662998459686641 -0.2532463386743727 -0.1960556516620782 -0.04739618726460273 0.04563599091121584 -0.2630588630583319 0.03103571892262233 -0.1681816339006497 0.104282670003251 0.1076997909646415 0.2646686035323575 -0.1823869144028771 0.0391763383301291 -0.1616459884875243 -0.02030031977662541 -0.03018400151295008 0.02976515327061199 -0.2652700052800462 0.1398938014659717 0.1011868975554617 -0.1211130751432437 0.162104598263169 -0.02342844856811894 -0.008205738700152293 0.09813726378294672 0.07028594234440895 -0.01352406164845449 0.1202771210484569 -0.1254774468937364 -0.02284321864820512 -0.01041743447302851 0.1987025976640239 -0.06354748827090645 -0.1717029427413775 -0.298929308698842 -0.02915530152146253 -0.2241257041312419 -0.1427270007856029 -0.04608973683360977 -0.01325487811176374 0.09024890496233517 -0.0836984746578532 0.04078342046571262
 0.2981670292476154 -0.02927796458582927 -0.1786535100937282 -0.05295032876753678 -0.05887983042072098 0.02653448608987149 0.1378120313856167 0.04302833582199761 0.02108693056098606 0.02455691449348946 0.2357482889231137 0.09520980313769542 0.107315804122441 0.06707578255551626 0.2234312385751284 -0.04766253130521739 0.2244536192167988 0.09553491083288042 -0.2832880725282353 0.04908269364036462 0.02374593718237322 -0.2803402845255519 -0.01006610640146476 -0.1363016237882972 -0.1535131415569281 -0.06624140169543953 0.09582042360220246 0.1544701866806386 -0.05647774864093507 -0.1486293059272087 0.03041917377146101 -0.03012104454328447 -0.3621194147541236 0.0616901976447746 0.001369042088977373 0.1076222552422797 -0.1290023601283918 -0.1577718142877935 0.1466622718406772 -0.0580532792985345 0.002841928737183088 0.1999360938422154 0.01969014343007264 -0.2116253608464781 0.05912322704677753 0.03784836770999878 0.140147246779016 0.2193607785166926 0.05968722942188011 0.1189659124726816
