# Created by Octave 4.0.0, Thu Apr 06 22:59:57 2017 BST <mno@mno-xps13>
# name: M
# type: matrix
# rows: 50
# columns: 50
 0.1687146655252956 0.04947970054044658 0.2164999798026824 0.1772600818610452 -0.1800753178623973 -0.02673825883065172 -0.1425577188579064 -0.1378787261338567 0.05118722623900658 0.01475175102951274 0.1369920600040951 -0.02811000996064626 0.125192102086001 -0.1427123462920225 0.03422655404186695 0.1059272623847528 0.06606747000572154 0.04396136450174085 -0.1558381636827542 -0.05298041929220328 -0.1226296092242317 0.05846100122340256 0.3091794561491232 0.1590237831225508 -0.08375606353149263 0.09115029484367172 0.04468198650267845 0.160185712903808 -0.1580959350982142 -0.1639973822742256 0.2959382294812243 0.02405751075399654 -0.1245113370967133 0.05914543674502216 0.1448016615237796 -0.02411499657883539 0.1190519224535189 -0.1955047871695473 0.08393727096603668 0.07802878158897053 -0.1553667742731682 -0.2733400550394653 0.07677505689759126 -0.1346084171827723 -0.3067461144104338 -0.1403252197209983 -0.1551877860723475 0.0446280921600526 -0.08278870180463518 0.1267994627534509
 0.04396372099143192 -0.03280884099953 0.04179122077609688 0.1937457814547187 -0.2301863768603863 0.04875173295271448 -0.07289817152363505 0.05459911127216453 0.003351971620873313 -0.05230337451182836 -0.09996103903667845 0.07711525777196777 0.2380683175095416 0.1041988030354834 -0.1053630052382967 -0.04230637816585706 -0.1553022327016036 -0.09897364325301565 -0.2415212025048706 0.136545538676117 0.1359867445729063 0.02790677227137556 -0.05482972758145657 -0.1045707351640228 0.1166302177182665 -0.06156368130273592 0.1471101016685343 -0.1542428598433781 0.0383589757352707 -0.02757666673096467 -0.1150966744874181 0.1704322440474672 -0.08792961220620596 0.08006167964943339 0.1053764392543068 -0.2391703502529394 -0.2207962124998238 -0.007498431042633205 0.08037703915890163 -0.2261914159648637 -0.2291968433278818 0.08544645571764453 -0.1393516303731552 0.1278064019570675 -0.1366415991386228 -0.2789687862867338 0.135594597095503 -0.05540989848338961 0.3746307642744673 0.02682955037154181
 0.03556065565732339 -0.217395701868491 -0.1246751601942767 0.1516198933486443 -0.2498715928426261 0.1538398336553689 0.2186342367640316 0.01719373408535831 0.04165355969736654 -0.0452067593939687 -0.1768191520693042 -0.009807041068661307 0.06024195171890316 -0.1802249206019127 0.08279477227601735 0.07206523074352185 -0.1254413348425568 0.1309831066823047 -0.09557333121708178 -0.1129641089949176 0.02294955639742793 0.06426282170255063 0.1787263082362783 -0.09504884616614706 -0.1324116246459141 0.3822308906570625 -0.07939087826693768 0.1652760399248687 0.1131784117887085 -0.2388446750106127 -0.1948712577634495 -0.05503805473328389 0.01789886103209607 -0.2098156244837309 -0.0143576468064622 0.03436080909952888 -0.1408544635317184 -0.08861008380658258 0.1671561170878047 0.126978302160784 0.1251786949214911 0.02448659311412862 0.04621466891728696 0.1132181361055464 0.05957146347052934 0.266054819464327 0.06109195059787691 0.1558863176035605 0.1660194281257688 -0.0909526561858023
 0.2374190444219327 -0.0832543839613603 0.1384965522303241 0.05929380854096934 0.08704512821368907 -0.149005400586467 -0.1447382394555346 0.04510356405451314 -0.02741145528541789 -0.1236158807626751 0.2322444344644675 0.107113801462662 0.06637205718576861 0.1396778256339591 0.0298136992500813 -0.04538897454754282 0.04749822502515039 -0.2167212970052986 -0.1067407754759048 -0.2979452898266194 -0.145843535319782 -0.2449046533068049 0.04918322101963201 0.0272761889980261 0.2513261035080145 0.1066633550776676 -0.1410438162866854 -0.01379468569566666 0.1041515153088935 0.1885615268819072 -0.1185478594629034 0.2035585738089557 -0.006589197522497796 0.06594878830106361 0.002756858287305132 0.005855901343154022 -0.1146424909373964 -0.1257383446434212 -0.05894380359776345 -0.1042565007219812 0.2868434821330847 -0.08842318244258482 -0.07028149623709984 0.2452705546142003 -0.04405779068343765 0.2431281451697705 -0.07089802399272142 0.1857273311332279 0.0144352840375581 0.1375003082163055
 0.1123829015763208 0.2446997332731463 0.1476632368551095 -0.03990322145968371 -0.01710694877117343 0.01510111102517523 -0.03474806358196463 -0.06739101608283624 -0.1915040809004538 0.02830319768663085 0.1504596904970961 -0.357486758300505 0.06339300257142337 -0.06145611425432301 -0.1496158314468395 -0.08779115419877456 -0.0600627101482195 -0.008019048125805521 0.2456579898164921 -0.08178589916194139 0.04241139775248567 -0.06923656078070159 -0.1628427947420314 -0.1169165892478927 -0.06923029566885756 0.2646080779238569 0.2174904300371125 0.05267733262381775 -0.002197454169405835 0.01461042037599315 -0.003556813464373301 -0.1023270427794107 0.2422894655551733 0.2337263012285251 0.2426993576553404 0.05847579841010542 -0.02120208708945896 -0.1377438127320899 0.04032757653472372 0.08236124844724911 0.250196973541183 0.0817956149516248 0.1699537708299394 0.002418303425144424 -0.07711706595470368 -0.07628148811007704 0.2241544308500247 -0.1057597236337783 0.2084555658035669 -0.0251922285691436
 0.03340153791884609 0.04633806201651255 -0.2323144867294191 -0.1555955485425642 -0.02375354155485469 -0.2762473655176683 -0.01550650138417734 0.1125767443067729 -0.2140308823511091 -0.1512152308478703 -0.008150463269276867 -0.3807259541180845 -0.3425723293242833 -0.2218206735536781 -0.01322947945962352 0.06407355118139779 0.01148366799395263 0.01047575364888285 0.01123199936745528 -0.06159709119804996 0.044878017817701 -0.02344301606301544 0.1066533759914003 0.01851069500752917 0.03598136386544672 0.1279423075645983 0.1361812223591539 -0.07332496365506103 0.1020655593165121 -0.158926743377743 0.1073131143026466 0.02542499364380578 -0.233594267653346 -0.05367808694515924 -0.1648160626285082 -0.10250735127053 -0.1717226850321787 0.0629694512346182 0.00794845932804353 -0.2595566472503707 -0.01744373434536636 -0.1075357714706079 -0.2075594691914746 0.1490686732473046 -0.1774500439497195 -0.01693210339697721 0.0464460255409563 -0.1129582367400419 -0.128391322088849 -0.003435651069098123
 0.06628842061804537 0.07313628051807805 0.06257827551036069 0.09048163223983392 0.1699578182066885 0.2182101345654369 0.04553507475339465 0.1437530538108236 -0.377733071890655 0.2034187887584891 0.1851660690391972 -0.03710453004515851 -0.0474242452139994 -0.007800570059782533 -0.136833407819571 0.1594709800187114 0.1474304404089282 0.08559155095200237 -0.1854870238919685 0.007442759357444107 -0.2354433402674833 -0.1221842669432403 -0.05689888091509259 -0.1290696580060545 -0.1472648975425409 -0.1837422791233899 0.07660366866032491 0.359068606793173 -0.138094687089054 -0.03062456875841345 -0.004399702626488547 -0.003000195138376754 -0.05090586114037254 -0.1655344083564952 0.0009996589138280348 -0.06415232606973886 -0.1874033258128927 0.1726483827462298 -0.1116315122666372 0.104207991439146 -0.1788068729068777 0.008875784601642144 -0.05987462836530919 0.1740685462988987 0.1123414267259116 0.09045099190710326 0.05012719065551656 -0.009515199379279015 0.1130324304008703 0.1555179185339
