# Created by Octave 4.0.0, Thu Apr 06 22:59:57 2017 BST <mno@mno-xps13>
# name: M
# type: matrix
# rows: 50
# columns: 50
 0.2935737711169611 0.2282888075916189 -0.1608333750877612 -0.1804028510820735 -0.05817981807471397 0.161462367494307 -0.1752541332057054 -0.1049072490569816 0.04837764158426362 -0.04756731174662657 0.1059569824152923 -0.04308588461983746 0.03147266937479373 -0.2975145824861929 0.1404363334134226 0.1167192295200076 -0.138914149440135 -0.1176005912274981 0.01110902379459266 -0.03962485002501535 0.0775775066304363 0.1125893131881406 0.00793907782895528 -0.1012527682587209 -0.04658313886471954 0.01635262255876644 -0.168708174376925 0.1385158894755475 0.2161350978198571 0.09242374556571424 0.07510044047263308 0.1651146662790664 -0.003407027934916094 -0.110738405610225 -0.06198433566033592 0.07933651314614484 0.1012687298419117 -0.2871500478090875 0.03050590376299822 0.03610283803315414 -0.1519124389310827 0.05036585189066583 0.2019916141284717 -0.1107355863509518 0.01730243973986543 0.1755007565969593 -0.136749258052868 -0.09237927560541548 0.3406427092856757 -0.1381793803102712
 -0.006366647892500415 -0.1193385638472218 0.2111906766463842 -0.2073536009238918 -0.00703030506657693 0.08907409381068504 0.2999331850616875 -0.3271244979956504 -0.1253799205044624 -0.2128118595588268 0.05304614579038457 -0.02654977384318039 -0.3174727302597847 0.0906689862424496 0.003243153475804836 -0.1155620881684002 0.1228504453471174 -0.02775777326713541 -0.1519346882934167 -0.03896558211926395 -0.1998798580370482 0.1584508999089126 -0.1320188567738608 0.1203826975524815 -0.0846608102815824 0.01197281878002445 0.01440992942381382 0.001691768048023412 0.03029077700509698 0.09135019470957713 0.2074984139175288 0.2026824607956946 0.1833683593654372 -0.1393021027728329 0.009753505621487689 0.0531132923386363 -0.06256577955402244 -0.04499212294555668 -0.1830513833479126 -0.2167524295245739 0.04022928232450582 -0.01090585584574472 0.02585705918267656 -0.206729450888728 0.0853033599621645 0.1975496911395161 -0.04395947717362546 0.06000847144914016 -0.153418870282012 -0.07078195412773471
 0.0630687690106484 -0.1199414406162349 0.2008034625467631 -0.03550822519157531 -0.05146598902741339 0.05245560406690248 -0.03154949843082178 -0.06467883177492033 0.01336848390736904 0.05191979868044069 0.3737109819129463 -0.2667055881593615 0.1023873206403784 -0.09812928870883172 -0.08861885389073094 -0.2283051727324603 -0.01295755954317878 0.09577787565930136 0.01916225116980734 -0.2508310885243196 0.1442303393214647 0.03728261652037085 -0.1811468935100689 0.06189581986733577 -0.005332593926650486 -0.07435817573256376 -0.1377040535142718 -0.152143481912353 -0.06010866350708471 0.1905871542729181 -0.1832033793605911 -0.1041988697732936 -0.1948004154910537 -0.1720735082752944 -0.304970836306747 -0.1149938720068168 0.01920925324512064 -0.09640087772565314 0.1550797520111967 -0.3195242171620029 -0.05738996529988068 0.005265244410214945 -0.06414781861025282 0.178035410965218 -0.0551818736715565 -0.09336364034694281 0.05143226564428129 0.05154834430647067 -0.009752640285656037 0.07965315245289543
 -0.09662608731329299 0.1946964973150467 -0.1381956420072401 -0.2521629900997849 0.0333948196064363 -0.03572085375906281 -0.1493232066721034 -0.1687338271051222 -0.1532707927066742 -0.09959750537355594 0.03038616433591136 -0.1674073667750922 0.0439135418870412 -0.2219071211247557 -0.1933153834695845 -0.1587581053591473 0.1580358158172418 0.1898125908625587 0.05713101812797224 -0.08993316097299033 -0.07705193830127434 -0.1356122555839717 0.03692881947091318 -0.0431664986465227 0.1069575273751461 0.01647685580988369 -0.01574809278001144 -0.1814904111146617 0.2119065325457355 0.1144148550865282 0.004410922252818912 0.2319222676546766 0.0389060125229591 0.003344942221965669 0.1607771126461011 -0.2359922222931707 -0.0008963758885928776 0.2947785342502838 -0.02064233754647079 0.2330671063453028 0.03386626870833198 -0.1540814994996296 0.2032051117432275 0.01514730564767804 0.0958838048748719 -0.09974057002571336 0.1951153891590378 0.03242928171660812 -0.0291006043137026 0.1843005171843611
 0.141160434866196 -0.02922348726870235 0.03632608508801314 -0.07059890029870501 0.04896987811188964 0.1405495961204249 -0.1505321338447416 -0.04632462076089027 0.2284742794693342 0.08723889194587055 0.12795636575679 -0.03101471101701945 -0.197981569485065 0.02686047943696454 -0.1026679817698359 0.07565305726388703 -0.3401533722941957 0.1277316480430999 0.09187807828766831 0.03059089819452801 -0.1944046363636499 -0.05166872135812416 0.1136862394911401 0.2527542186592817 -0.08861902640575178 0.02648953883539526 0.1530756498032763 0.0132541917704044 -0.1925854761622194 0.06023332248560041 0.1934418696154498 -0.004178047057934406 -0.0564362982011674 0.3673955070459252 0.04917883324864228 -0.08593936808782235 0.04058657216486945 -0.2326668957536758 0.01026739968340693 -0.07092427076462154 0.1509779024632367 -0.1527474056950315 0.05828526688774077 0.01429215842296236 0.2851183389939398 -0.06715072307619258 0.0973002528554241 -0.0347243484596156 0.04457974118343326 0.258007832553561
 -0.03464077040447419 -0.06933049900823354 0.1503800785230342 0.03075146192963991 -0.03132145418762288 0.07768662857271066 0.07875604778323529 -0.05297082620432064 -0.03196328153841672 -0.01580402391858703 -0.1697590495337082 -0.1163036208278651 -0.1492020965457909 0.04765910655868844 0.3892984280838577 -0.02252794896276594 -0.09694625929527048 -0.1358580770998661 0.08157711276765318 -0.06359619579929179 -0.02527292588932884 -0.09488002105039051 -0.1597758957082315 -0.1546436595784515 0.09296702602626558 -0.004992600178124816 0.144564236418291 -0.124723848884065 -0.0828265620476851 -0.07498291591092027 0.1935227741362993 -0.06018663339149657 0.1563176260975494 -0.09502375445141666 -0.2741074878579377 -0.2134710961617112 0.07850683860033467 -0.02752232846268255 0.2562999325479831 0.2063529296818242 0.09402147843926688 0.1338934193435574 0.2151765537111278 -0.1449920404869019 -0.05718899647462719 -0.2672635287154002 0.2637563308592903 -0.1191160995280345 0.1260711188206056 0.008844944094267287
 -0.0154769044699661 -0.002909553331564457 0.05618130078476155 -0.1265211655833076 0.09575216490576506 -0.05892457527903911 -0.02291096352585078 -0.2657633840437167 0.06917221357956144 0.04983918416494784 0.0209367151041486 0.0469225008704393 -0.2600172761583798 -0.1275616557949782 0.01266458175881558 0.1408612317400026 -0.06814335279586115 0.1420967115141931 -0.04680083558263148 0.08282509320434497 0.1267117316043871 -0.05686358947570298 0.084985560493996 -0.06015895036908961 0.2215713208877927 0.1028214671883132 -0.08080141938661831 -0.1481998705500355 -0.04175672586844055 -0.2091985139268231 -0.262600192975063 -0.1187883851088272 -0.09324945494103777 0.1866012765144116 -0.1806968334190391 -0.2630497226750043 -0.1160802004999473 -0.1178138908749554 -0.3363563918343566 0.05361736046846032 -0.07911075735446474 0.06126902108396921 0.14280154604446 -0.07231991445614699 -0.2035557499427102 -0.07448642486083655 -0.2397087402086177 -0.1156128047080471 -0.2081573299483101 -0.1294118535370731
