# Created by Octave 4.0.0, Thu Apr 06 22:59:57 2017 BST <mno@mno-xps13>
# name: o
# type: matrix
# rows: 1
# columns: 1000
 38.46011002790925 -10.85929357268734 -93.94071862758047 97.54669957600389 5.691785533655129 -27.42608903995789 -23.96255180333153 29.58836377063929 9.270896345995546 99.02987102230296 1.558164395498654 -34.27947282636876 7.777944158972071 49.35605485569651 85.98418407253691 -34.38758914853587 -84.93376388122141 -70.09495416351257 -70.37949847039894 8.709407733018706 35.25751372752379 -73.59078923466247 36.03127520672044 17.20155371323186 -31.57989304557917 45.81255721278833 -1.165728497343346 5.337778945689504 3.336130309775419 75.4045171192768 -34.10513035491483 -17.37826222137731 25.27238665978222 10.53331875360254 -94.0633180344747 -56.04992267731294 -51.45181804418044 27.2342346317304 -34.12800760012193 -29.2854812295893 -86.71495122054736 36.19498990313893 -51.12519094989164 -69.86370677011912 -99.89425598693383 73.31567763970672 -67.37408317946544 -54.90219937753399 43.095628133545 -46.42012112148291 -34.17110830038473 -55.59776976677011 72.49932960041563 96.99941380688219 35.30822699640742 -9.179377137637214 -92.46697209504956 94.47842797089952 62.9905614038376 -17.31857845237198 23.39524683463496 95.71191511679997 86.12896240176239 -14.18554113337091 -0.8887337277446379 1.291150505794926 -72.99117790070294 71.20450249263661 98.90710660945801 -39.86794780167015 -24.80718215317687 46.05932864785133 3.647301784472905 78.08619721665814 -80.81177866663329 6.187298384519788 23.24045778843051 23.01673119703829 41.89037230199876 -23.85484516288236 22.20430168733024 71.01479533346337 -39.99874028176621 93.52078524785932 19.94040129195239 -43.1480694224708 8.140363290948178 -37.94973555312229 47.01173428307257 -20.16495590093936 65.76778588148706 -49.67269696835857 -46.42345915484925 61.9418821135629 -40.67613290642093 -59.88490202943755 69.19150884014066 -34.52883779106878 43.78033371270737 -59.37755058902566 -58.15741850085268 64.42729977631608 90.13574609989432 78.26433622808115 -56.05175391444875 76.60782865729369 9.986177152062496 -45.96142334046829 67.72325697699235 18.52178505628108 10.55262614851324 -19.26455970764 -32.38842659927167 -22.22852211526655 63.40860217678064 48.86460558629587 29.77405576319402 16.40890336022757 -27.69008893595109 -5.074795043480421 -27.21115101340452 -20.15078962108951 76.76701861374175 -64.83360914525397 39.81844990614839 5.778589345285138 -60.79890423925238 -58.0790252640404 40.91471269191007 -80.84742613585412 37.13441694430265 -41.87226138145481 15.92467806429592 8.750718411146927 -8.624901883930827 -76.75865121590981 -12.26313314934069 59.62869688761455 79.55931481247364 -8.919378679061898 -21.1357003870104 -96.11779771518324 -2.461203267792276 -2.505469869297538 5.44775838504778 -76.30785263859055 67.50617585890191 -23.36762689403963 -77.74524648516966 -26.17526135099622 -44.16110197792369 62.71661632226414 -87.46423995738527 43.50750621345524 75.78511018640867 -22.82365277265865 -11.88119993881707 -60.44856289866687 -58.71495423432952 15.91285974648302 38.81321216745134 5.027036233905942 -97.93042036168009 73.68858225960089 2.429681910267646 15.32798269955535 39.96154071569548 66.49448009951556 -85.28006438426056 66.23642420665672 79.29451529520128 48.20553710829704 81.17022502793921 17.97131770913985 -11.1475957163332 -45.42978559086778 75.76555395208213 -23.66974654812545 9.645561912684993 42.19208696591512 20.18477618460639 -99.96944554062843 -65.29248456593878 33.41644673762963 -77.26417446292676 -42.61370825368348 40.14408836848268 38.30364937781219 43.22871848107926 13.61475120691362 -29.92288820682625 -42.88763412758409 -5.434525497591347 10.24970508713787 80.05199279101815 94.26911312242109 -96.79789017748546 59.76956438966925 -86.86347861435702 -77.57772124673554 -12.37997375429736 -76.95525980328894 41.1695096530194 -77.98417773280468 36.23749947359608 -24.27770720015002 43.76733353478083 -80.21677431142014 64.18967642606226 91.15760046020398 67.48524902682222 -41.71473383895572 -31.82025627969445 -21.87020799744389 79.42460470658065 3.388459155347694 -48.21620910043003 -62.80198771483077 -33.58652413489629 73.06258539801684 -47.2067444507446 66.30163233985483 -73.4031849290368 -33.46748605761351 -66.75291004616697 -45.79829814345361 0.6919212936348303 37.7513398158603 -60.00407241391434 -9.798611535070251 18.13305275980942 19.09412575850007 17.69326413561322 24.62751276779849 50.93027804502254 12.19362584333163 -15.56097212152633 -74.42079251515098 57.39819977479071 -44.40737201967816 -54.55884275417601 38.28296147127171 -89.46940046572519 -57.05061551229554 -27.49792233400487 19.97412810847622 -15.99570268224115 55.98064013352121 28.90263570937308 1.751974980341225 -64.45885917799052 -9.672935778299383 40.91996725860413 26.06562874142772 -30.55871581875144 -25.71055746871463 -60.70469216120529 9.75979659785258 -4.35853451048806 -92.41697370465469 -67.85253777602901 49.07912437736704 10.05579308618194 -93.94048961066048 -89.87858237363272 -33.63598203739446 9.275689917898969 52.41364339723857 42.19609665400041 -37.95484385999397 17.36706955801586 -54.11538287488001 -61.25505563546744 -8.975305934781527 -37.41514959506208 92.27172716679769 34.08369501401697 93.46305072305347 -86.60647736188591 -60.47781988659477 57.45964138233758 -65.93261727274364 71.6653527156254 -66.81454804095729 78.18687611995794 66.96721401134306 56.9813407257729 92.13587507854207 60.69812451825942 97.90179899403343 -58.34642885053687 -44.23667840743033 -14.28558997757535 -76.38116233395861 46.09809678222536 44.49274238636412 -72.82636385479333 -72.38411905200154 -27.797406177404 5.575135755394231 -97.89773233849466 -68.61140812868247 -90.39764021252353 -59.07395580287821 -57.55432859702445 43.76621647018148 86.06900154755306 -50.43258425219456 -47.89273679426948 47.27899049286314 45.18380132923244 40.44728702537456 97.57301556833711 15.26037210041393 -23.28852148383456 36.05638373879141 -11.98490119117051 43.25772428904661 72.85840594237068 40.98220377954293 29.28120723386448 -20.37555168440169 -51.41543551720466 -4.137031705987051 -80.59913304826163 -49.83446919812214 -79.32144108629593 61.16193017826566 -51.7086650795364 -84.02776132797226 46.80556873650548 -7.290295791738473 71.71100854292915 42.5836877481722 -11.22821640755734 -71.69272287686678 -51.90964549408677 73.62452107767974 -58.33707739287723 -29.86281634832524 38.92682492416638 -22.42042255575759 29.46720475916012 17.08043186019987 67.47059051331085 -45.89987176557791 61.97126302615412 33.42198792600855 -9.772166360022611 -9.678991538743306 25.65224021122546 58.91602749244231 89.31254737948942 -27.74581422065079 -8.033343079184869 79.96996166752223 -5.033466852072093 -81.41027256346568 -24.88673298116382 53.60679715769445 -0.4695198018201646 10.23409837706617 -90.68852757202977 57.89080151684877 34.80766377666347 -34.42275111933916 -9.304925749610081 -38.77199071719928 36.01068015053911 72.00483607331759 93.41535693812119 80.34083162443272 -65.92799523396268 -24.97092260729799 50.48536590930597 -38.55218765072652 71.68166135333801 21.70102753635766 3.691374980336974 19.52958576436142 -35.88320349284655 -82.08597021624536 22.47791566848732 16.41504489970081 27.909869891038 15.83717752102677 85.44256310660533 -65.30845409793599 19.00583550964654 -50.42492288307459 27.57219355144548 24.90039288483216 23.28454797547445 -87.30307856599802 -15.09666836763123 71.2855222509246 73.73841690444087 -5.384380629157392 -75.79940099541346 -26.05501400069502 36.84386947795759 -16.91614501226638 -96.24505267576946 -38.00712593523053 49.2242917833979 -0.1526082098922776 -65.25731570320093 -70.5541368396721 65.95992848357054 -54.53049113623347 8.562317737359146 6.426365900058135 94.66348069654005 -38.48023380132126 93.94569437091836 -17.4593626443459 31.56331514846018 -7.138447379351875 -20.84277144258339 -27.29654374526524 -68.22042950959742 17.74816278020264 57.87881621898714 48.1646690054679 -29.22874363540728 91.58015134135533 56.38961482048938 