# Created by Octave 4.0.0, Thu Apr 06 22:59:57 2017 BST <mno@mno-xps13>
# name: M
# type: matrix
# rows: 50
# columns: 50
 -0.1348294360963903 -0.08379086693563095 0.02728485856416 0.01840355500096675 -0.211632131191948 -0.4039447695187315 0.02148318339362617 -0.008453796037166219 0.1035219723045811 -0.2438736515846638 -0.04221285147254415 -0.1899840895840639 0.1272914877758088 -0.05232350624466803 -0.08604242517734498 -0.1645535368083934 -0.2117126742428287 -0.008243863264006062 -0.05384296510750464 -0.08416663639088634 0.1411475748947766 -0.05322491498561484 -0.002136265815927548 0.133957021766471 -0.01501479291896581 -0.01503384044126672 -0.002544018881844912 -0.2434782683744364 -0.1383696088898215 0.02653109555156003 -0.04096903894480022 0.06798871441045125 -0.1518051413460532 -0.1016476889729052 -0.06842078654166854 -0.06794648989875224 -0.1129169609214648 -0.2285324862911494 -0.1648190755034515 0.238954648053459 0.02265107926814529 0.1451559707910156 0.1450951843505751 -0.008741999464921031 0.376898976022992 0.05654338547682567 0.1497464252779912 -0.09131987870675302 -0.00740787088534191 0.1075601419022285
 0.1744438910493134 -0.07317656222432563 -0.07442157759747414 -0.02510217157789198 0.005306994545150282 0.006588104033675725 -0.03915360196633324 -0.009048381355630845 0.03358639233618273 0.195337329209137 -0.2018453290522464 0.2753736135696321 -0.237589858468593 -0.1308199788831215 0.1264426758721565 0.04818645132654427 0.1364605408509593 0.005732754277366634 -0.04121380934382515 0.014339849855569 0.07276567052286463 -0.0123876044299704 0.09797008350843953 -0.04481904720144479 -0.1106500489073913 0.1499412712163495 -0.1151743175878498 -0.1173210079126945 -0.3360666433860366 0.1258078860750543 0.2649238784406768 -0.005033846485469087 -0.1720201050552549 -0.1615756668533416 -0.2422143044864353 0.01162865282269403 -0.103252307436456 0.06791656524254525 -0.1289797540155479 -0.009642537575971768 -0.0188055102997207 0.2233685783969285 -0.2977274406743922 0.09961416350359338 0.01926110837637668 0.2642439356006303 0.1733905592817786 0.0805221037087529 0.03493609404334398 0.08368624754596854
 -0.008149104917796936 -0.04591295713147803 -0.03284503777086026 -0.05943361131826799 0.09874126135932382 -0.04944023885856543 -0.07650956274896561 -0.04787837976823103 0.1872962301243838 0.03838137583880628 -0.05932496413127811 -0.1095708838645458 0.1139611590853851 -0.3213041432566194 0.1567029944184745 0.06617913184380533 -0.1129020850160527 0.3887932379509089 0.01466534673424298 0.05036604206448345 0.07889690827348955 -0.210944708279488 0.1095306105230946 -0.1227841424043794 -0.09764598631215511 -0.1863526305386491 0.005719546230708938 -0.1874401497429432 0.150057981938872 -0.08077994679484006 0.2100495964627201 0.06181557052824801 -0.03184705724748602 -0.01909720355183764 0.09817235335526556 0.07376875612680125 -0.1235717629736519 0.06169342208947415 -0.1326184660348441 -0.130200584051843 -0.1002395041994626 0.07755957775108142 0.1757422189513489 0.01552265553552154 -0.3388651095881958 -0.2332740119917103 0.2088598286587168 -0.1359907721225391 0.1492161011996822 -0.06226992771857748
 -0.2719695968819981 -0.05481723879849243 -0.09000285292734693 0.3095518364285215 -0.1349990241135079 0.123108329563095 0.1207811607420987 0.03170875381372892 -0.1883328673212614 0.07320711548392915 -0.1091558259650047 -0.01638656247004297 0.07662509921462902 0.1095075673130091 0.0059660414864961 -0.0590263217509118 0.3618109867958266 0.02152784554833577 0.02169214420862369 -0.1469134832491391 0.1912911401220385 -0.08788000109068009 0.007840306609366861 -0.02141597040653237 0.01523867326355917 0.02624548208519967 0.2859259187467939 0.1901797768020471 -0.003984394762103396 0.08610721830408576 0.2383679340105126 0.2641475236940785 -0.09960940145659353 -0.1331996069048359 0.1358375380176661 -0.1150465065237304 0.01141158165746539 -0.1322851348159539 -0.07894459383993624 -0.195022160959522 -0.2447837951339138 -0.02889999353890312 0.08212962040313285 0.01043315502217889 0.06726820294197751 -0.1398003063552841 0.07148480451400986 0.05591988433060164 -0.01971776963761735 0.1518502120924301
 -0.09845935295862862 -0.001069078343109689 -0.1009643764311602 -0.04502879624194529 -0.1219436279434215 -0.1004974033127602 0.04248601454487594 0.1470184772723545 -0.2059556497456682 -0.1385386870794547 -0.2282573337461149 0.1009459461015206 -0.1705401574561296 0.03714689192274574 -0.05191716372707045 -0.002470182555781834 -0.1474346958300803 -0.2372121532097603 0.2921069696717232 0.1902777460503926 -0.005283891614506154 -0.1080058932805359 -0.01568125059919454 -0.1486252669718707 -0.2198311077276962 0.1681212186486865 0.03019303793556777 0.1891093404547704 -0.04119228176334607 -0.102868092696193 0.05384230260440274 -0.04030098037055201 0.1429087445699438 0.04615924966526282 -0.2750172958124077 0.0006505943030194249 -0.312095170464662 0.228279499128336 -0.07790020461679976 0.1047437252784417 -0.08857879989613598 -0.0632726820502296 0.2305748429680322 -0.01763453784937117 -0.0429001369113263 -0.251317544774735 0.009217583261284072 -0.05531964887550545 -0.01081322216659625 -0.1032527755048309
 0.1242643132443119 -0.1565207945685123 0.0007500723577853367 -0.06456301185688437 -0.2656271343248906 0.02681135225611364 -0.03840363785916629 -0.01204996932504454 -0.1403282159337516 -0.1406240617100508 0.1601532571476862 -0.02653434681384627 -0.05656283490791823 -0.2022151127384254 0.04520351719310171 0.1649177332592743 0.2318227393873968 0.1524582683462598 0.1221411397526485 0.1045646389383895 -0.05974424620795202 0.1351147342922079 -0.003409725674528378 -0.07067982605838743 0.1363718864129981 -0.001360479210765837 0.1485731513048635 -0.1001637189210724 -0.2006585264206417 0.003727839091473866 -0.06192692444238172 -0.1835753345630709 -0.1128591929431 -0.0007791225247732596 0.02060078539878199 -0.06171703986570054 0.2179948695373718 0.1252108430981031 -0.005735578518772306 -0.0647103288244414 -0.07631544794101244 0.1988569097692458 0.06767285113727317 0.2673889312115348 0.1704281717885072 -0.2258846874143459 -0.1330128836093623 -0.2626526006601299 -0.2544867168581996 -0.2197862874916378
 0.01926173006970183 0.1953494881578007 0.07708014331510157 -0.00178893945134853 -0.00842519612293271 -0.01806130898660628 -0.1272062133493866 -0.1509458593689536 0.1632343715610809 0.1736735015160224 -0.05240004813377808 0.03862122960101792 0.08724087771826153 0.05626158867758299 -0.1690489816624603 0.01372027810673903 0.1791708203354112 0.2634687082066724 0.02546014918426134 -0.02109381005649783 -0.0125235236516054 0.06046302046575744 0.02251688581113289 0.008009572659673444 -0.3097873367008485 0.2876459644900571 0.221938619571082 -0.1680835552644899 0.1100014892247307 0.05187944942746166 -0.1329997281207618 0.103841407211357 -0.003127553830989691 0.1844384327780288 -0.1977138792798961 -0.2462757262012009 0.1049547126500428 0.1447117310363896 -0.2243440646019792 0.03205022578239875 0.1850741323453821 -0.149900378138061 -0.1220663261035007 -0.176367829092574 0.1849895380326823 -0.2101796535382958 -0.004287151453643725 0.01787043940538194 0.05373660355378095 -0.08753170023891493
