# Created by Octave 4.0.0, Thu Apr 06 22:59:57 2017 BST <mno@mno-xps13>
# name: M
# type: matrix
# rows: 50
# columns: 50
 -0.01085362758125342 -0.05004821898054103 -0.278664100163791 -0.0466755987524575 -0.1057601987849623 0.07451580749569768 -0.02841364906342644 -0.102656825841145 0.2209666027418661 -0.06621151570182589 -0.2296376038383181 -0.1349071471610767 0.1903430215619114 0.1445476442144052 0.07350040503246534 -0.1341106277494167 -0.06560236080298844 -0.1207122283763365 0.2682156137817107 0.1847391173136688 -0.07644878503008233 -0.04964851195320887 -0.0002297335290855745 0.1358121650758896 0.04802335519649793 0.1785237474827699 0.1742022329987778 0.1491358867835887 -0.07282315457948095 -0.1542542034263243 -0.108827240958558 0.1495069277436687 -0.2002389224138541 0.1805977262255059 -0.0526013913257134 -0.08480424604107527 -0.0801646040062677 -0.02581366586303026 0.1586399933832159 -0.1545615978339193 -0.2026852328107287 -0.1083621391632122 -0.1540619314832978 -0.01949936889360835 -0.1390397181560048 0.08886720579585757 0.2138324660289099 0.004031526698938639 0.2483279127173555 0.1807082177503213
 0.04597639261085963 0.2617362773305757 0.02148781474404117 -0.1865034620721447 -0.09503246415998028 -0.1971233071277 -0.05660087722367561 -0.2224387653257244 -0.1697758937575902 0.113849755478593 -0.01591758535453799 0.06704306897599599 0.04822187255385938 -0.05940764778319944 0.1356953085471693 0.01321004718591596 0.1079419637693394 -0.03385323962914555 0.1249057409568445 -0.04619872231065913 0.05701797294083111 -0.09815511532623633 -0.1939479216893053 0.1443054752483266 -0.2584550244816005 0.1186474188164219 0.1162613240635837 -0.09479266639262976 0.1545457555306274 -0.12929606940612 -0.08789159084106711 -0.1259335564531888 -0.1181360131172336 -0.1165993532938518 0.04301178258886652 0.1991094128976773 -0.2294316268968463 0.05543001872910062 0.2884607354639925 0.1892377121982664 -0.08234156010999918 -0.1408878984210216 0.08163265201202126 0.1844100697186569 0.2401958353165037 0.1049195093299288 -0.109122274215997 -0.171189701744691 -0.1262479450599075 0.1274030207354798
 0.004269449583268248 0.001163852033486579 -0.04433611015308377 0.0375535426250158 0.09639016564737554 -0.08223139398924041 -0.06290145662525672 0.145144189008275 0.1578937625827314 -0.24506797004528 0.2776194667586441 0.08694727066574232 -0.2047088976820805 -0.02449582780344341 0.1682396207923457 -0.1095286253802052 0.08238044865352262 -0.3882625628359077 -0.008274996534790753 0.2713758273243889 0.009806799106772967 0.2422979511136744 -0.05871670021701917 0.2409376931805928 -0.1500831245503917 -0.1435124716601223 0.188471813865325 0.1287922863926546 0.01409787074129919 0.0398183647417708 0.1847471506476708 -0.1087039073524688 -0.01739033539309811 0.01805482684639557 0.06038761353004856 0.05929875119968993 0.06431700453632373 -0.1172832942036585 -0.02442942495521946 0.2043920956625458 -0.01680006879477457 -0.1694817960272954 -0.07085645767643878 -0.01734422899072332 -0.0541448959824544 0.1189903899682468 0.1076984148531241 0.1839014334347082 -0.1946451889453662 -0.07620401374185744
 -0.1902151822482772 0.1288300308955295 -0.02809363322618972 0.0319294499957228 0.1630287322688912 0.005382993210995902 0.2965194770729179 -0.08896431557506244 -0.03421735900260173 -0.05833663318812585 0.1014671851555259 -0.05592809834493807 0.198605076380833 0.1555607961338849 0.3039010257876602 -0.1632934469280125 0.1580282305070264 0.03163075100908244 0.09272550270586193 -0.0008923911933208185 0.08354517437826298 0.01562460730576054 -0.01220931699539991 -0.1195188821723459 0.1298089369909785 -0.04448268026124114 -0.2191658013382846 0.1200434621830968 -0.0001186475894849521 0.0402190440555219 0.110870206095773 0.1645180877099869 0.1498588886097168 0.00547558304545013 0.1175553010900529 0.1698713703960667 -0.3248643067921693 -0.285142984445995 0.04712688531525857 -0.09630235061190198 0.03985930858331614 0.139521406123503 0.2667381618953392 0.1165267841626802 0.03884324654313507 0.1343904043174728 0.09837888372444867 0.1667907307979226 0.04838056261855701 -0.1230200042742131
 0.1122717104557981 -0.07666495614176314 -0.1988366597844621 0.148301563717459 0.0495744339724051 -0.1413030028930838 -0.2155652840386103 0.008434789192868332 -0.3680440183095697 0.09946069205223147 0.2785571501905409 -0.1514168514704615 0.1575561306408387 0.05277580631814663 -0.01269919254809747 -0.2634984312057842 0.2076790248474909 -0.005666532231506287 -0.05644399240974638 -0.03423830592651521 -0.04813933150843377 -0.1058785595973241 -0.0527321847960242 0.1429076939170058 -0.02615379037847823 -0.01417420589508702 0.07497576339119635 -0.04233251325289371 -0.01800288864998825 0.237012786360124 0.03616990663026423 0.1490955383681362 -0.1007288670820969 0.2020580713387539 -0.0796962980220457 -0.02313871153819632 0.2279642614142667 0.1447111190786591 -0.136087926161881 -0.0877129482394008 0.004938308332170202 0.07444230308160121 0.147296959887982 -0.09290254113009626 0.2864170316721065 0.1727058663452664 0.1123705948627565 -0.04753046702229061 0.1193411814620834 0.03870893779182043
 0.1752967296195912 -0.1181309066461483 -0.1307997990883248 0.1230771704943325 0.2672324374937652 0.09018148758721942 0.1065067775526886 -0.01200750934577705 0.03157396983942218 -0.02787973122938937 -0.01773926129234249 -0.1073246100627789 0.2622617208850828 -0.04567322101759157 0.03483268163018625 0.1084571286248413 -0.09497368281712473 -0.265638103965824 0.02156153992962859 0.03618200687690713 -0.199988343348675 0.01246324699490921 -0.1549543848896025 0.04331610648668559 -0.09784247189981304 -0.05789377184248977 0.09291178219436283 -0.01903625250851099 0.2077844914725626 -0.02200037436580114 0.00882249765646456 -0.07780528547945668 0.01619757758043015 -0.1456689389568636 0.1112138574601295 0.3643301866005527 0.03739444786889019 0.08875413802579822 -0.01607158658088203 -0.2204440690010944 -0.105335371982741 0.1661732198548004 -0.08371020670245076 -0.05236014165892322 0.1068605960156368 -0.348433696474146 -0.266075507902107 0.02101813343361302 0.1398085531607722 -0.1366955556874768
 -0.1206681029808379 -0.06746559102130703 0.1789288270744088 -0.1105655437423243 0.1467689990516174 0.3143617720806838 0.06550976154559668 -0.1845992633916097 -0.0802509934787411 -0.2918852579432632 -0.1111187669106589 0.03089670291634198 0.01862629134877968 0.1300413156134283 -0.04907236723733088 0.2370003409942004 0.08269879983271405 0.06458311634859368 0.07683540221828294 -0.05628741982315451 0.02181768246240698 -0.04264067949447621 -0.05639663055268351 0.256556888387756 -0.1932616543717179 -0.1867400109464439 0.05119843352041922 0.1124274801265345 0.1255311675520876 0.1817647274702518 -0.2777319969097146 0.01532940894386586 0.1589783926385097 -0.02226865609899798 -0.1562208742750126 -0.1792212901952046 -0.07868648275346936 0.1796447078139199 -0.0446407300864169 0.1199709141308496 -0.08843107900817385 0.01552000078757752 -0.004848190927542587 -0.1120436179835163 0.195570296437116 0.0825663230308947 0.2034949860928581 0.07125658171187871 0.0870189562612947 -0.1876282559076907
