# Created by Octave 4.0.0, Thu Apr 06 22:59:57 2017 BST <mno@mno-xps13>
# name: M
# type: matrix
# rows: 50
# columns: 50
 -0.03371517221338794 -0.0185645765007644 -0.2408314588678867 -0.09865749352590406 0.156009478746016 0.2389351610641239 0.00959670938979936 0.3168384579060187 0.02795926938333183 -0.105144070226222 0.04183886708543947 0.2938176974674961 0.1160282099976723 -0.04775867739733283 -0.2103434408735604 -0.01566542699600722 -0.07115817351050537 0.04571370053140905 0.1355650258100262 0.2563574129612835 -0.1188273743192723 -0.08670411132977933 -0.1958675547982962 0.1639872034702929 -0.1320101576109792 -0.1539614676780462 0.09891054431842292 -0.04459891647015068 -0.1168848615685175 0.01637500864473209 0.216725832218036 0.1730230274578422 0.1300736991672289 -0.1345556483007316 0.03842369988626869 0.03088176150770998 -0.007705455223760265 -0.1888613247067251 -0.1067379415454821 0.1257088036314887 -0.03642361509712812 0.1289065584386624 -0.004476057511611784 -0.2569136419795064 0.1958550437671934 0.1091192078350962 0.06641409787344024 -0.151496962648034 -0.03896631275867083 -0.05788901500691464
 -0.1922538307469063 -0.1050635487797102 -0.1663288665642845 -0.3147442114881305 -0.09373103100514778 0.04652976215686285 0.09333323022847899 0.06738942829915012 -0.01368758352938011 -0.04011239434518844 -0.1268896189080615 -0.1175272243961993 0.06537422564254945 0.06792929169032193 0.06413284531497045 0.1107156002892051 -0.1138028412899364 0.02201676059705961 0.2699597752860371 -0.09322965472390585 -0.1134514120163308 0.1624593213065341 0.08819550906736957 0.05561566191458991 0.08965969498249821 0.166027793195054 -0.2697479279380417 -0.008849523141673853 0.2344007467073998 0.02367767104454939 -0.1006706612612441 -0.09725773882819116 0.2659341643530879 0.130369444731708 -0.1886000966927679 0.1121055904713081 0.223646539474594 0.1489369208393875 0.1171384439515516 0.09610655783345369 -0.08944709154491109 0.2125464939081668 -0.08338062356492167 -0.01187807429274072 0.2103723407075635 0.02414850698556914 -0.1852149639235613 -0.1557550920036445 0.1404543548656428 0.03160024198258755
 -0.1222936850453115 0.2131535341362445 -0.06865233695879419 -0.2249559803519655 -0.05901624087959116 -0.2950282708370324 -0.1493852152453031 0.004655966033563922 -0.1045044031404297 -0.08064212922225597 -0.01764389580901283 -0.02656786630838079 -0.006050389736438549 0.09477994767101071 0.08144737839565817 0.0347740035962248 0.4237953609232596 -0.113363944531803 0.1734813883180109 0.06122395241670639 -0.1276771606218293 -0.05253128889163546 0.06370660289611947 -0.04037638945974263 -0.1207620246487285 -0.005276071433256175 0.07494621960243381 -0.1142507647960701 -0.02506516095506915 -0.2206103938987381 -0.1453550300176861 0.1587552417598726 0.06478614453827378 0.01387079054428671 0.1364634407899282 0.1679931772325312 -0.1990687286468415 -0.129314877771011 -0.003964760530624287 -0.2482745166004584 0.02941520237914996 -0.1045760678394376 0.2786232704271274 -0.03867616000814485 0.1591988610107525 -0.05093881416629076 0.01864494415262196 -0.1199699653508391 0.2102005680146697 0.09557723504961931
 0.1146375072384065 0.1025320065634096 -0.0201585894773029 -0.1368994200048641 -0.1038387037571076 -0.02322741179908473 0.07770474313247376 0.009860726805757 -0.01024531396052119 0.1251421390618898 0.0001055575515293512 -0.05411687306973895 0.005776797378883544 0.004626580364624131 -0.1196211079075922 -0.1365388605224823 0.04237064162486994 0.1150109384222984 -0.01088338774877843 -0.002064952069320542 -0.02868444207278292 -0.06590970754203229 0.1322522901595921 0.1300236579010331 0.4701555404797909 0.1801871784895169 0.2651847066308723 0.2716109353551798 0.0408214912928704 -0.1249774821017362 0.1299114618988558 -0.1247742402067942 0.06951978527833901 -0.1294239115056879 0.2204772999918306 0.07344072174581549 -0.01480476223628239 -0.09739764372630857 0.07325296027290518 -0.1876347777375652 0.04370041785967783 0.224120502279053 -0.08608477474980238 0.01180751669798893 0.303839680128018 -0.0006520080097247736 0.06849119762947213 0.249051991486076 -0.1880787226347073 0.0776132999437294
 -0.02400815939043702 -0.2207984710241895 -0.09689684162441062 0.1301032206128841 -0.03337220330935213 -0.1769789792091177 -0.008775751328985368 0.2148137569164638 -0.2100249950783802 -0.1597948305941922 -0.0267825560767971 -0.07760897367584631 -0.1061804698231086 -0.1075836882878397 -0.0652197420514715 0.1666352809889287 0.1239724789075068 0.04927054760072144 0.3965601917268833 -0.06777118373071597 0.01045534492748066 -0.05535777702045417 -0.08525366210499606 -0.2025709531777895 -0.05532659797981378 -0.1072819136366457 -0.02145018492362161 0.1916168086170769 0.1832142370442647 0.1065395291813947 0.02630187046715004 -0.2127278127960855 -0.3229355255422802 -0.111840103053784 -0.01387399424808095 -0.3346397792820252 -0.09562935805572774 -0.05213803892019672 0.1371575518768309 -0.1073854688673461 0.1163713562663833 0.05607460755741792 -0.1249095066528955 -0.1224194500395847 0.05084592890192576 0.06150149980160793 0.07474015198713516 0.01645947056103515 -0.02166845509461618 0.09776328038089085
 -0.2052147830472347 0.030263284477098 0.03427838902426357 0.09284634452377895 0.07123335371733558 0.02384961162273054 0.1113422146244269 0.2113755766469577 -0.1458452553336754 0.1543485467623251 0.09083000883077912 -0.01931556038715984 -0.04995028409808882 -0.03767639724699189 -0.1403183035110044 -0.06716978096606822 -0.0009261106364225688 -0.001714913435906056 0.1117938984928737 0.0713522431052234 0.10860185306899 0.1369830839850485 -0.2505876201147334 -0.04122296035786572 0.1058206214291966 0.2568626386969509 -0.02298020709152582 0.07572793140201178 -0.02667553688469286 0.03695963408138476 -0.06910499498925161 -0.01052516239097055 0.2811101652304289 0.0915869053771747 0.06647069437075941 0.0543214655931482 0.1214032567723674 0.2681172138149188 0.04549508882806746 -0.2636253397916558 0.08590720184507042 -0.373011967383338 0.03572221336765237 -0.2502173320960667 -0.1439819895268499 -0.1335211530543192 0.2744643209975835 -0.03795415359559208 -0.08839257040492053 -0.1142575901111505
 0.04450947385024037 -0.1842531705822388 0.003100208819287428 0.04984822948751606 0.1595671036941279 0.06106731624535851 -0.02462119306901766 0.002061990536792581 0.06183710063562449 0.08097612774580057 -0.01939748384069326 0.06810828957863491 -0.1701297050568167 0.259508934735565 -0.05506643996324745 0.1541536942565301 0.0813375514627537 0.04366697883397978 0.004628512141380762 -0.09193484716100207 -0.3417169783185188 0.2652255479544914 0.01117914690883355 0.05705062528527659 0.05211967877832094 0.1654582177951368 0.05243934953694525 -0.01824284366028292 0.06119139805449825 -0.3041766822342382 0.05773136546875895 0.327067740244077 -0.1435698479322747 -0.1299826170616197 -0.003302991866767783 -0.1564574822423366 0.05791632682144175 0.2294576999650077 -0.003660719024880948 0.1241497816057411 0.009848517971282663 -0.08467121074148275 -0.01320278335109138 0.04976661091225254 0.02328904710671816 0.2461680593135664 0.2171667760730311 0.2225210971864473 0.2118349835092313 0.003737154305368901
