# Created by Octave 4.0.0, Thu Apr 06 22:59:57 2017 BST <mno@mno-xps13>
# name: o
# type: matrix
# rows: 1
# columns: 1000
 -12.92338244809413 46.76844686761934 -43.18636099143951 37.20318470864965 35.90398722384015 -62.74113583845501 49.7595661741643 -9.757674457767223 37.93954275302494 -78.66312864565083 52.20510032897624 15.74923700928758 79.17170033422852 -96.30954037771474 24.03244596953616 -4.001519363630049 -35.02696221527603 -28.63569278485249 4.714018779396261 50.21335639976111 -83.00446167187908 -54.02405137513684 49.75017898308861 -91.0785532592368 39.72730844685128 38.47302556177439 39.39263371230659 71.82294112398509 90.38784492976865 -47.84200367293212 53.96961100007785 77.10989159759113 43.07437194518663 40.56188035735627 -47.28602154333146 -57.47858591932457 -58.40586093087688 -90.34761166776522 -96.66052084669062 -33.2857222343464 99.15399450391416 37.32000115715648 -38.1653909213961 -29.2192600891245 63.76204872462162 -93.20416533873923 91.54523972836176 21.17963056669189 -12.83310187935051 -58.52879608460352 5.242790286902619 72.27244275579888 -3.630596186992151 -66.39840435160083 -5.839248648654529 -1.056881872346587 74.36813948466936 38.3860180349598 75.84943932225406 -42.17355058057583 14.32978581832873 38.11745865035696 -19.75606238076175 29.90658681069087 -62.54160906521752 16.4905344157216 -38.61460979546528 50.81778777906886 -74.34155693930883 -32.69193139990684 -30.37892974124723 -1.080800255448396 82.84305225684577 -3.192537313126469 27.80012485081028 97.31579718289261 -24.4625575771948 -72.37970072194736 68.86820433036168 -24.88769622692494 44.05874503560586 49.25312983266051 -57.78691995791254 -79.07662454194848 -32.35493771406849 -46.05133427246292 31.61321048296282 89.70215317372556 -45.9150438096642 -12.98362935881902 36.54313528536814 -19.66618952186317 -84.891461080265 89.18069655318763 61.51779080048772 53.8813364155045 86.93707943075258 16.73947666473342 92.40306145277447 -37.1176755031977 -2.907782481882482 28.19561472664774 -45.9093319928835 -4.220652049425294 -68.70742378910458 36.021210581352 -2.048088185019895 13.52403456283092 -8.327175757485165 16.22434524366048 -56.78900306573068 47.32484943528119 94.32250948003815 60.37989783972038 57.50177306344318 78.33313030100481 4.225372565230339 -17.47359026081171 -45.37389493987657 58.96528498552868 6.93785094711667 -5.494927463370865 -0.06391537725763215 -79.85516539631426 -19.92045202175597 12.64195891558885 87.37405650555505 43.08707822783551 93.5772861574744 84.42203262780778 -63.76820563043093 -96.43502881981524 42.08459954188534 -3.182111873289839 57.25544479069595 46.02243312175649 75.89285342529337 -36.79846593985896 31.43449673109961 6.008476408307526 31.64343885742905 47.70243196298626 66.28813372171626 98.02362905088899 35.91988932825336 22.99084455491233 19.0032813219429 99.83877272280846 -30.77080687041899 91.75005174811226 -69.1675830662834 36.55457323536164 64.58398520003051 84.0015212822737 48.66783555849371 0.6131808610620264 70.01635125343213 26.43575780994676 93.6724329707413 28.43881759372524 72.92891265462015 26.04104759237891 77.89947958397971 74.25993414114416 -5.276685179978881 78.1799074145684 -12.4386560520324 -26.27704556034277 -67.86430923809394 24.67215996126039 -19.63116797119828 -0.5722267631742697 -18.23649422565638 13.53784293871958 68.2220083823517 52.55840700876033 -26.32974250033837 87.43902206098369 37.07668630799203 -27.72803688245052 28.00973984319676 -10.62983807594409 75.43760635960096 -27.01855257846406 31.25301384851527 -18.1087143627575 30.047166175246 -67.57680180801799 -6.721958343468872 -33.39180417895724 22.69480712647545 51.41025532176545 -61.86994679787622 96.20126505131353 -41.92579213312032 -89.09105184657754 84.83780034861387 96.48873781733175 11.43737749606496 -48.24242287195792 -53.27228769126592 -49.32050974257289 -80.18201799508566 -18.76599866532962 -0.1488829872003402 -8.549989713934995 -37.35031242463589 89.27262546128394 44.11080857301366 -33.29852156010699 -9.23449086831595 -61.06725802587096 70.53321677739252 -1.824507751832016 -48.30119031078818 23.84208112534972 -33.60246916133655 76.58561338111215 -45.77169221431389 -9.197714918014631 96.50551814585963 -87.57610309237769 -60.20225100535492 -77.88271234231185 10.17874978465761 -18.70041024370318 -53.41337664608922 -17.44269567461463 -35.65733806902645 -7.413885236321101 -82.13687214632934 -56.98097537368779 -54.87914251176661 74.74673287382988 42.48976707726551 -98.35866519765399 -47.77944203091074 -88.28120067229044 -71.84520355163905 76.92195366635661 -38.29871828087217 86.57193112476882 62.46061669461498 -27.6789704485455 57.4296695887101 97.44766128263657 53.92522226151214 -47.69148613378225 59.57586948183084 1.547630250995697 12.2305846179844 -38.5996849987543 4.415510593863887 88.37094646672499 6.774791370691672 -90.82838767891141 51.77619301409885 -87.48082098737167 -39.19538394067228 35.96794376408027 -18.03641674776055 -7.791992967729853 -66.32058377108127 81.6267226194603 -55.1793172668165 -1.210775765105468 38.6549887036135 -62.76944821414465 -5.433060180766009 10.50496408634704 -11.08764331701662 58.34390166513133 48.83859029467524 -4.367922389892755 -65.29006784875617 66.82332030388525 26.17705407733713 57.99428613896497 -24.42652116976461 39.8532358497419 76.82534622709632 92.29552557442746 -50.73810868227546 24.8596053924129 -99.90234644019451 31.69298935106325 33.91500423267554 34.07939372207323 88.50985419531739 2.350133813212596 -26.25151067788967 -42.56710346709151 -72.15295566541539 -49.87110530669487 -54.16155028096195 -63.80962252509262 74.02347562172343 23.39291571231585 46.00249000790993 -91.64249873345629 -3.508192126363038 32.01985639463301 43.26196034074415 12.80151587953377 -13.31043693501032 -69.25901567105554 25.91134403110183 -41.38519726703018 -81.61177046618621 -28.29642697569577 -54.75723948247088 18.46521638677048 2.718995107196472 62.77044143281513 -88.36118977898326 88.09412632388539 36.61258640740008 -44.50149280007694 58.4411633319747 -17.18696914807927 71.11907572038581 48.05250685213034 22.40959142596835 95.73068308724541 45.33894663686955 -69.15050544078098 23.48160703408458 -4.915876236349749 9.16224607731148 -22.68258883536902 48.73011467298192 -86.06821263210071 -8.908294142667577 31.75855378971695 -19.17565932436467 -23.88598632695927 -72.86820075436557 79.85030004032576 -97.71916786729103 81.91367892310264 -26.59971194221212 72.47029025173907 -61.58382056238261 -69.8254161284664 31.67920803521939 -23.21771889327494 66.17842510420904 54.93410210271254 -75.79730717804782 64.9642741220264 71.29099956583508 7.338497726699537 26.2910722587809 -4.814264877672106 84.77815623167733 99.1349216929399 76.27080399966368 60.96191419718247 46.74824927781109 94.44412752584819 6.159845463057503 -64.30938435376373 -78.22654938032846 7.656404660432782 2.221018507682633 -19.07081998763224 -40.79855640382073 72.41923662695477 0.7661245280631315 19.05513687728745 -30.95501455981947 54.62050616859703 27.89598617496485 92.97708742209552 34.48379881395985 -57.17916273152947 29.6355146480927 26.54325014561429 -63.51961718444264 94.02911268621345 10.21457121719155 66.3900084359592 -53.05868341333214 27.88579908043573 -30.12744578469455 -40.63886670278942 -96.88374198262289 20.46345905992893 -34.4310967716692 87.58465609376529 -37.05096746686846 3.151284659753769 32.83328363333886 68.0763319924276 25.04845930887234 -26.11975523075547 -59.16581086263788 -39.55485937570145 -43.94760552050207 -83.81762060348277 -22.41158450814309 89.02474927561759 -46.62181884444721 75.75807009765458 -80.17389316658419 75.94126441178474 19.00366043852566 48.46539164370606 93.1721135439355 -28.07009062632571 -60.91332378470333 56.06787144819984 66.18799243460145 -37.04010537594672 26.97889414016181 64.16116466701986 59.01042556155115 66.5257371485685 -74.19358420163657 74.0056272575074 -2.792334501039513 89.99121802830332 94.39095841106376 -23.46965736920221 66.44131026461471 25.64526076052694 50.64350713369928 -1.768022610189285 -48.18030791652796 