# Created by Octave 4.0.0, Thu Apr 06 22:59:57 2017 BST <mno@mno-xps13>
# name: o
# type: matrix
# rows: 1
# columns: 1000
 -16.83998983078012 -98.56340408792916 -96.84288161937033 92.93241283339816 -98.21478513976588 43.6649029107575 52.99738513295723 53.64424659539303 -74.47645319979965 -11.20527971763467 52.248787704079 -90.28863978054656 37.44714564729485 -5.079165701154415 -37.168952516263 -76.07957408782538 -89.90952771508076 73.48675363445817 -96.43942969377547 -2.759957597230323 5.887870132049579 32.05578968306669 64.12922873866776 86.18080706826198 61.365093623128 4.00374065065557 21.85556449985049 -25.03818862584948 49.59767768172062 33.17273847350058 31.42511867285088 9.791574809321949 -56.04512488405763 -55.59077504380245 -63.63782527839576 65.58260202182967 -71.60115070998972 47.23600905115394 76.45102731661476 70.17186653748716 -4.503325684382355 -72.77797838284518 69.81429323277497 64.03549329460142 -30.74546737215905 -15.87860452984303 15.68620305809776 -38.19132566620047 -58.40537871564104 57.5610256541746 -26.29249091262425 21.49431207583572 3.299758378853995 -62.65435399017359 7.527751833465832 8.772855300615847 -50.53405275342251 41.28073236474309 -2.689282860504607 -8.272375866103173 -74.21331114689643 -74.52909003307275 76.55685686737009 87.44002989902995 -99.76484992177272 -92.02653599845655 5.24079516164251 3.213671610266925 -43.66699268632247 15.3738026736705 -29.64002762408806 82.87374616124826 -50.43529066404333 19.10822796286312 54.54072924517454 -62.48546157306838 -44.51272261619217 48.49363615696144 37.97312324546062 -45.87311310263577 -74.44084229584666 2.464501575285986 24.39166625023125 -50.08430308387029 57.24707092599082 43.91847526091701 28.17200479264248 -56.84281426918255 63.14588570790978 71.01043979320367 52.53617765756861 -74.22545727431569 54.44475045415842 -70.97793636634951 30.33669312427183 -32.85949508559371 -46.79638604088581 94.05061244788109 -42.73602352614223 -35.4414788143816 20.17889452863211 52.99568778773649 98.01602656741342 -18.77867861874097 14.92671112972924 75.06909845523242 -59.11747382736157 -37.08865170358468 -72.05980279280378 -9.352854608384629 10.8677565942689 -36.6201430851923 28.69057150648912 57.00767921487203 -58.87235167906353 -15.41918293834012 80.18227323733694 -31.66685843720413 23.63996329053706 -16.65863975247753 -99.24193603474775 -15.14425741153233 92.24244683941345 -7.39132247663553 -86.81052373196772 -72.72951839917471 -65.2763719893576 87.55613760031927 34.09585127890921 71.19463291253417 -4.267841834857864 -18.31430452003339 -42.15215309901069 12.79929693433015 16.3378928778476 95.44571066371239 -13.23608178984522 16.45441493347454 -35.50419249510513 -55.61974047400734 43.50192845040585 54.67894614889777 17.67052701410328 43.69399112227254 45.03290032732995 -41.28584634795996 -51.44717137989225 -28.37676645753136 58.20290056405667 5.898114660720184 -1.841020261123393 51.68012469744619 28.39504321909441 -96.64624756239274 -28.36909746227401 -28.0235379846773 -65.06678926925157 -33.99444922456912 -55.37708334398275 83.1527977498138 -75.68950174477988 -48.12187356555488 13.30877570549436 51.97798920529972 -66.36588683681194 -0.1088791477244962 -26.69061922963804 76.78863083992697 -52.61575589092373 46.84678193766416 -18.12187829231734 -82.2886697907677 -21.62236898607754 95.31449114382892 14.9728750346995 78.91780643860434 -41.84449271231079 43.79219258749684 -9.331586107945851 -54.07188682196758 -88.99187769645998 17.47797341481084 -22.81245730270779 -2.635683844222841 89.14940169273348 -42.02302744475407 25.23099834567525 48.09044814366069 -3.861969846349683 -41.84295201797282 50.55888338076186 15.54488704085641 -74.81636906530521 67.88806566312533 -95.45834759744355 -5.524438429382671 -71.58477648580036 -75.65733454469172 82.99850843434331 15.05012407229903 -53.39652892954742 -97.32608753813908 81.09913206561657 66.89560085723453 52.72252493377957 11.69121176641044 22.7121457341764 -76.51779799089915 -11.66618276592681 -67.03011907340408 -77.78182737744395 -41.9449041990656 -93.68031525998541 -42.85971220306154 35.54972715722275 80.5308944661834 -71.85374896876814 19.09656037734753 97.72854070768024 -34.77874429398339 -34.8143337530469 -13.563800219617 -55.40277724385574 -40.94389190623721 -19.41498180401753 -59.64023937146327 -41.37609828884087 -28.84532532262364 -9.566976916071297 -68.73423566231453 -12.8080346505338 -92.77867298369205 -15.72887876966939 63.26898113535079 23.56028508252709 -56.63183026509443 -62.48113003366403 -51.17252116570269 54.1689798893624 -30.96026827635347 9.801695838083512 27.71254164942916 46.79050794821425 0.3665705603614726 -83.36099481090048 81.37052046676352 54.81495024309258 9.436267623706851 38.22646157869934 -36.01511821308364 -0.5436318477899416 -20.74016643786558 48.58565971830303 65.76859111769654 -50.10003234676685 61.62190130572544 -1.998449018807843 6.498351715335956 14.91380667643919 -20.22538784303606 84.08023510277791 -9.886851080776456 0.4235788177812579 87.85220078170468 96.28687145655617 71.52747418393979 -26.89944208505575 66.853725884406 15.38159165179243 -21.83233391203777 -25.64693932392758 -36.07529029061175 30.80204313540388 8.107661459164939 -50.54414671556852 23.90592544703117 96.46412401942878 97.12062855335536 13.97921313811965 62.26640172341801 40.91816336829083 14.46554291175013 17.32617967622792 16.30281364643531 16.66871380189142 60.69333775870697 -68.18758703649829 -57.59593739639131 -94.60156480448389 -13.48953803640198 28.89188422636761 29.73683298314829 22.08784405520593 -57.17535522408551 33.51850077367623 -4.894388475433815 -34.69369913992582 76.17917695733225 67.1624323336423 90.70637278984464 89.41723057475575 14.50666857932408 -62.23882236294906 58.58917947506577 -35.33349954028301 0.8314886299145352 65.6360356720208 12.1074154891932 86.16757399360836 -60.83728074989529 12.55482994891894 95.53478072390759 94.72362481019843 -23.4666853894348 -18.92976372482438 -71.17204517066185 11.75379012722075 12.83136412477908 -47.7336491436593 59.59495603840931 -39.02926465827034 82.41283906579019 11.30597346032484 -38.2882272163107 -18.24893411295928 -98.83808727752222 82.02826386034123 -54.18246168722686 -42.9052341841229 8.700053516173769 -5.747971497444351 -27.50990030477306 -4.799187148016729 -28.35626788984532 -4.431894506725039 -58.61665691253691 14.45621429178434 8.029008925794118 -3.528432102814989 -59.22148654152846 29.97261452935424 51.60894034962448 81.46630957495961 -14.78391858626541 -12.936617508305 59.06772910586018 95.68471034082893 -24.20495469311983 -23.49415313511022 6.681920498084681 -7.12325609976979 -60.7958548452463 -39.58185096014213 -64.97683129587696 -39.35644224032291 39.10663152936122 12.46883605340274 -14.72657253634879 -71.47841047725016 -62.58095721041514 -33.09504220546157 29.77869875848117 64.44739046166386 -37.58838283806829 41.15524699236119 -24.27526795685224 64.9551245939389 45.60350844694442 32.24252448171417 -25.25772787255583 20.59498825438616 -41.61041392200485 -64.92983003056942 -43.39170046610943 -54.30248325918895 -30.57476994209162 63.10292589012007 0.546964983272433 12.97158353089078 -69.66921238570185 39.75604197027234 10.28652858873769 43.1280907360828 -54.36478330532587 -42.1896024747363 -82.94556941008942 -1.706653404837298 -51.38692310672213 -60.98652671666056 -12.89628635966502 1.93919489743818 4.665343940582969 -54.87969588114387 95.74841504637237 -37.80195338970783 22.25857285924815 -36.43421560379817 33.15980757396769 -72.36015397937201 -31.06722889650614 42.889192482397 -24.08724401861825 57.17356453572752 -64.72992685220562 -32.49662110580298 9.040706386234834 16.18084512061522 -5.810702860586774 59.08717430319036 86.95343574404006 -1.088931641791267 76.42572512182626 -53.91723780619805 -81.97352444111873 42.05095460182724 18.50245629843517 -17.97076941392432 -8.992434171690039 46.7254582789318 -15.42918467872799 -53.41904818457518 -98.47805762181822 20.82829792200132 63.1875171789187 10.56628690032071 -15.41654686173526 -1.548164007762352 