# Created by Octave 4.0.0, Thu Apr 06 22:59:57 2017 BST <mno@mno-xps13>
# name: M
# type: matrix
# rows: 50
# columns: 50
 -0.06567876214926684 -0.1336521589208587 0.1357224733151099 -0.1219942446432551 0.008069758190874634 0.0442886654853571 0.262201814587854 -0.02410638745119026 -0.03544096054904416 0.1203880415014832 0.01863354224241913 0.2729877714522628 0.01545714775791659 -0.3307827046974673 -0.1278153180480353 -0.05389079083201249 -0.3254860525600162 0.1009506781633903 -0.1246656774321692 -0.002779637651005152 -0.08393449373460322 -0.04566845559202286 0.1069727228892878 0.01467546249831402 0.1229343209558034 -0.07596146666718623 -0.04934819391771925 -0.0981060319990192 0.2614718216017439 0.06359321034191566 -0.2456145277638707 0.04181183623317882 0.1198611694579745 0.0540939947571193 -0.01935712581166335 -0.223319180427189 -0.06421948152449525 -0.1248047469129149 -0.1343706915813785 -0.106538917962961 0.1144454483912222 0.2191270261670853 0.01782770996544478 0.1913773283660761 0.07592002088209483 0.1259012034019692 -0.2746537806010794 0.0505009712267929 -0.0630783773982487 -0.1243581028421223
 0.1068308481438235 -0.1662755866981813 -0.1187145195825534 0.3350089650232341 -0.1370385495107098 -0.005664711220797526 -0.2096419963384968 -0.2418225062897531 -0.08007569075612282 -0.09097509369228735 0.09168990363329253 0.06802716803315613 0.05740266142784067 -0.1403087815887333 0.1778177361226442 0.2016639883818772 -0.09225720025608423 -0.0005788735366215508 0.001205508221889732 0.08397132246390167 -0.2778807176969965 -0.1247373938583281 0.009808478897736443 -0.08439354441820189 0.1130025499525029 0.05175653114724992 -0.1849928069533896 -0.1392571023705035 -0.1742729469805959 0.1415033069136246 0.1041499232846002 -0.06228861091327025 -0.2764824512034958 0.01557481337151924 0.158517742330126 0.1190507916167948 -0.2793109002390622 -0.09394076687037964 -0.00226075615075883 -0.05077657322852759 0.1244215035553022 0.1183998202074839 0.1541555877488444 -0.08244999657454744 -0.06265249031291754 -0.02898308195978817 -0.1874640643440217 -0.1765398113239482 -0.06318189757223007 -0.01012567271858639
 -0.3318973780153453 0.007786692009310829 0.07248507700039714 -0.148159608215557 0.04518715002986515 -0.2267341841302465 -0.0750965560879957 -0.02955376053189213 0.1258464590045678 -0.1239249805987953 0.1967859249530989 0.1192971202500087 0.4056366678002837 0.09491831443696136 -0.1971087531812576 -0.06162371831607142 -0.008120613010760353 0.2334220690523401 0.06021399191076023 -0.02987891673317953 -0.03858050036969866 0.06924206103818582 -0.09279379244965807 -0.02176999037447641 0.3176732049165808 0.08264752432154529 0.07994127286764062 -0.05179687770645454 -0.02406956827896731 -0.0738409402586926 0.1535538780982004 -0.01680294297552761 -0.1075499643079595 -0.09580183834336461 0.04954993232048484 0.1331478526423752 0.03347786527290433 0.2506677520534763 -0.14562528125866 0.02341671742819349 0.09144534433817367 -0.08883379295332772 0.1769749987854949 0.1022152050485934 0.2550667900293409 -0.02203483849583883 0.0207576448994229 -0.07933823772029897 -0.1551152201412062 -0.01101603438735234
 -0.04434723801874019 0.06995572851574128 0.2047231230686794 -0.1341198798544659 0.03433202396596802 -0.002107458804705917 -0.1431329377536875 -0.01513032780685824 -0.07116847110209777 0.01469327428296006 -0.164554369507302 0.12060567821862 -0.1296112129098106 -0.2194966923179195 0.1192222152232342 -0.2964173300759194 0.2102183581093813 -0.1727601411419933 0.183921591301087 0.08562709056519245 -0.005366848212779491 -0.181238029794598 0.007118990337259564 0.1434811334378226 -0.02447347690709179 -0.1165091255632638 0.03860464126817477 0.1419914507735354 0.0284611421690765 0.1180181367142709 -0.04849505063524085 0.1427189493071455 -0.2079190473901316 -0.06916654844313719 0.2913457673683078 0.2415935950538868 -0.05951594356798019 0.3058831119922876 -0.0398255852993292 -0.1455404548246824 -0.02767009471737522 0.02581158312717878 -0.1957441159073495 -0.007430938806051264 0.1377867804731108 0.1979299799221841 -0.1845446644594722 0.01664087819220073 0.01356427335138379 0.10846935688137
 -0.1401738783785508 -0.1390485200665575 0.01574014085161279 -0.05295184564622889 -0.1565083225984936 0.1594246552766991 0.1604484008857567 -0.3546777864300603 -0.007571353610270591 0.09230389517325728 -0.07302699045745115 -0.2231357086096323 0.2116693479612532 -0.1089851724235291 0.0007778380380145436 -0.1580727007888334 0.06554890471827374 -0.1656886259561816 0.1006491497640583 0.1614356137137797 0.2385863655341436 -0.02550443156887056 -0.131281691473337 0.0388705824856046 0.1325687930886203 0.20990836533048 0.1128016513872642 0.01804141727142982 -0.1092973519990921 0.1477044411212507 0.1558413189168307 0.1445041308061134 0.01163634028104586 0.1067994096321853 -0.1159928613078544 -0.06646941137924263 -0.05459321619941188 -0.1763897319317265 -0.2431547265605446 -0.2332502647684143 -0.06976365523842692 0.0789809811287364 0.0886004207613324 0.07888575487516823 -0.05699481589723284 -0.07107858463268181 0.1230503640928049 0.03824036959281809 0.2411470625982909 0.1673203090228446
 0.006529632150314392 0.0340634311076194 0.01246571832769962 -0.07400934929097991 0.1127782290360417 -0.05182199737716933 0.02974225274157343 -0.0135719554897143 -0.1628162728052828 -0.04625521090144337 0.0742093708693424 0.1664119264496313 0.004033309425526052 -0.1196200687218023 -0.06754260281249413 0.2103343230819612 -0.1875875680426748 -0.255146427456003 0.1413254985793177 0.007277344757441255 0.1362411474826989 -0.2661177572002715 -0.1050792345168372 0.1142955691786837 -0.102222687748804 -0.1728477021682329 0.1150583782069961 -0.06487786965060725 -0.03304022065455126 -0.1333430209310444 0.03132314271889441 0.0858136614724648 0.04592341267945047 0.02935976176643488 -0.3146174796114916 -0.001310844115924693 -0.1592304570618561 -0.0003940604042454731 0.1996165522994385 0.0005431576623983813 0.0288574485749046 -0.3297706440574623 0.2245417792136212 -0.1297993245014505 0.2425837022306518 -0.1726779438636412 -0.1749513859397047 -0.02397560165153457 0.06779348437725395 0.253917359087046
 0.08133347169262212 0.09630681554427632 -0.03010134089967459 -0.02404698990397612 -0.03204797877678361 0.2090745179061197 -0.1674683514331416 0.03079517848601588 0.19086333671814 0.3958389918523365 -0.02833873032656562 0.1146764770432046 0.03982467631395483 -0.0345148980382167 -0.001743594238587529 -0.1068371151130694 -0.07147364451757962 0.1960516100047741 0.1119650280314312 0.3181163031745013 -0.1393720967660522 -0.04034662743743701 0.01582833446092154 -0.1075857343383317 -0.06901666257986028 -0.0424818688473179 0.3110887645237689 -0.1380189295251218 0.07451450467337566 -0.1223335733649568 -0.2210130577035243 -0.02554082842255994 -0.08270248730540848 -0.0001236306205275075 -0.07626158376788321 0.1363500043621429 -0.04105174340848167 -0.01647837972816244 0.04395054786613267 0.1239797283051244 0.1194529980244011 0.04425136313908859 0.03928442408601721 0.1209586015887594 -0.1440064833739103 -0.08932363273979273 0.2187080079691509 -0.1950834875278407 -0.06143934058934251 0.3221332803696746
