# Created by Octave 4.0.0, Thu Apr 06 22:59:57 2017 BST <mno@mno-xps13>
# name: M
# type: matrix
# rows: 50
# columns: 50
 -0.0740203464589704 0.06698347420748972 0.05675927179438479 0.1770199025669815 -0.08604453298014479 0.05015079801912117 0.1804064288097671 -0.1367089354208057 0.3081799961998555 -0.07860579132277637 0.3341714334484274 -0.1630065150484362 -0.1017915616952118 -0.2871711312065385 0.1694694934874763 0.02652118928557789 0.1114481280220813 0.1289174103758789 0.2698783693807925 -0.0392391646469188 0.1447072891586293 0.1284390813210358 0.1709160290357537 0.006130147201273139 0.1900740116087855 -0.2087537864045643 -0.08095749775724825 0.07731206424598229 0.06575790889860442 -0.1063709388608811 -0.08463143446353621 0.1609166404873675 0.121162789842403 0.09677812212359277 0.03093465523689273 -0.1647455876907996 0.1808065769698757 0.08588917712908127 -0.09397327819576837 0.1795571072753255 -0.1004216858828299 0.1531103001624079 0.09761170510288988 0.003790811578773615 0.1206631195246292 0.1287475370978875 0.005155679277182661 0.08199505608239857 -0.08025097846098611 -0.03099832839496744
 -0.265136838854847 -0.04402746873874593 -0.08448235937592755 -0.01745824852380749 0.2585468126543183 -0.06901272025416705 0.1760058076733723 -0.1929740080847254 -0.3996551436145206 0.00371922245497952 0.1357945447972721 -0.05277045841476472 -0.005583771556385354 0.06043818721645022 -0.1381321526704157 -0.2187077952654277 0.07218405376035462 0.03546669877077809 -0.1007080465788612 -0.0427523146365367 0.01132030345357611 0.007331214461900919 0.1402742623849763 0.05958627635734941 0.1184612862229833 -0.05933584296518224 0.06424323228186408 -0.1272810784621332 0.2389578149738501 0.2158869609868619 0.1027703831804285 -0.1324106712657418 -0.00492533225300898 0.1854631653567659 0.08717363518432518 -0.02684442506666249 0.1804257429498583 0.07692707263400395 0.09476877024012019 0.05398413357922709 -0.0688761924179869 -0.1578496539283653 0.08112962058777311 0.2822046408263422 0.2744509771520895 -0.005228567237468762 0.03489275168150306 0.04290423476785646 0.1510555084149661 0.08478127378467386
 0.06103833233178364 0.0229705618393302 0.04940789334895882 0.05234016171727594 -0.01368976503392748 0.2683020764528522 -0.1014371642092265 0.02110026729750225 -0.08303572311840034 -0.05746742987229344 -0.02931861935174642 0.02364199846015012 0.176186520841069 -0.02129239316911549 0.1505728672756141 0.1100130603033068 0.08066239523874508 -0.08691707824279885 -0.09469754021830866 0.3265622668440214 0.2923385739517687 -0.008709359910877238 0.2671073352571859 0.03697647635166353 -0.1701586370204809 -0.3930104549832544 0.03445387024991723 -0.1233688637731222 -0.05324805140952497 0.03407166083582223 -0.04855621830444604 -0.1232510518017086 0.01960957615230683 -0.005214633091995457 0.08311732683894449 0.01282453928585341 -0.1386780747254552 -0.2071158849022854 0.193189091281048 0.1191078122324727 -0.04725636989802893 -0.05247041222291894 -0.2179102590683379 -0.06215776000485207 0.1769933889819386 -0.1865964619784683 0.1076987659412953 0.1920086278711224 0.02652385970614514 -0.1664770596617487
 0.2774303628250512 -0.1666006414553716 -0.1243629619877063 -0.4368812000228579 -0.1727293969587881 -0.1450390407210719 -0.09101967260231478 -0.07242547020005657 0.1540725929845326 0.01424782724021654 0.05070450008216804 0.07730696889337135 -0.1203606686213201 -0.1206881998284372 -0.1353492522204725 -0.06423360201443495 0.05823720870854626 -0.2100337996015963 0.2383860294999533 -0.1064325052052545 0.1361085436808001 -0.08920000630483202 0.09821705032037427 -0.08518985190633255 0.1327536536192284 -0.1694862670923251 -0.06450508630108051 0.01455072822952461 0.05671982585316706 -0.01033470036381086 -0.04542311201054859 -0.2157822261573511 -0.002710000966512824 -0.138422559065307 0.1853280925947243 0.01086109790651202 0.02506801213420757 -0.2036394748691427 0.1818175147086377 -0.1320032201799051 0.09409726412560997 -0.1754009357677048 0.07261449310022736 0.09389935851863852 0.1037709970378013 0.1298195231099481 -0.1983287244110894 -0.02184909420964721 0.02622752912193526 0.1039000712163131
 -0.2468268694190866 0.07713853824136557 0.04499839098700741 -0.2138172208288942 0.2293812000062761 0.1156011289786762 -0.09263913018673899 -0.1532648939361003 -0.1201933403142568 -0.1432645403730445 -0.03793538382792527 -0.1400040702504158 -0.0210798652295941 -0.2119266911107544 -0.2051291253123844 0.06381276990542521 0.04892123977244367 -0.2458670480978324 0.1123833707996025 0.03201187318233461 0.2861026231836989 0.01167970195233418 -0.1191991430850117 -0.2229388387830334 -0.04194341104227764 0.1377294028489423 0.1473825445839479 -0.1108879336324175 -0.3053343526240891 -0.1090019312481331 -0.02800221703660594 0.308164334324214 -0.02093904176962178 0.1162223449832601 -0.1074970101142909 0.00969534754025855 0.05087066394807031 -0.09087618585349082 0.01240467130364687 -0.1538079799870856 0.1296191233920957 0.01114849885821377 0.0656348373975192 0.04715004461921899 -0.03120419461801865 0.0132081276419177 0.06835336784042216 0.1843485306692502 -0.1792048303369333 0.07860499497304776
 -0.0009473244077058199 0.0435590064391834 -0.06652297292484032 -0.09529048525962733 -0.2304819776888011 -0.1073367856205455 0.1310642049958408 -0.03467988869836002 -0.0999993290332699 -0.1146557795289697 -0.04344893002149213 -0.03360752567805083 0.1248471208561019 0.164463009126371 -0.1549550679417039 -0.0599802650712273 0.04290293856913883 0.1702754446174292 0.06135883579538411 0.07864954861294672 -0.1836142622733955 -0.1658284837874617 0.08433534219163756 -0.2874041269542946 0.0714620593794542 0.01079516556130731 0.296320488218034 0.2237630879770796 -0.1528994042913865 -0.02255635727123493 -0.02371009273426136 -0.05558921635823037 0.3963914501695081 0.06770394942306883 -0.06155155417958098 -0.06873400473239168 -0.01952808325338928 0.0855038310569952 0.2642977682022896 -0.08852355470790627 -0.118112315230357 0.226636889616802 0.05396231167755143 -0.05455409002583283 0.01414459323074421 -0.02723517615537282 -0.0841230461154554 0.2027296021430339 0.03270054701846942 -0.2565550261904844
 0.122341152578734 -0.1298195821961741 0.3473028138727234 -0.08762263561116385 0.1348220153888161 0.1034229864977516 0.003263539529678989 -0.06104705465355494 -0.02090849616938534 0.03923501114972296 0.0106739682588363 0.02508649089923374 0.3793525643920552 -0.1474773327108022 -0.1711674633140074 -0.06780829768025633 0.08017265671285165 0.1762851546906588 0.2193921677258787 -0.1351398048425495 -0.134344175188972 0.03756110851916604 -0.04396190674355956 -0.2499288020341231 -0.0998576361016615 0.06506130252628327 -0.02719460271529775 -0.08880908418648401 -0.1042896621586055 0.1485599285338522 -0.06707598812052834 -0.2151643116007259 0.01981486214825878 -0.1235413315863178 0.07931499901321297 -0.07174724355640982 0.1588761466935858 -0.1487246723826604 -0.2397949377992035 0.1379774178365038 -0.1218154758582449 0.003081353135115756 -0.06462792866980435 0.08505861670167308 0.01229608529288059 -0.06415323695174181 0.1793312890309774 -0.2317876338019995 -0.115481166057194 -0.1729958616490893
