# Created by Octave 4.0.0, Thu Apr 06 22:59:57 2017 BST <mno@mno-xps13>
# name: M
# type: matrix
# rows: 50
# columns: 50
 -0.04798957842762559 -0.02847917800342384 0.01835157331146673 0.1816719313827947 0.0423343120173313 -0.01728779807225076 -0.007889951601410717 0.06681990417801791 -0.1194292623317041 0.130123572721149 0.07118814748454935 0.002976004895563811 -0.009389194376562394 -0.1245690382400238 0.0165243142795874 0.05226854709258104 -0.04413905826155021 0.2412158011679301 0.02253359256818359 0.2224764311093753 -0.2894553673254291 -0.1096431104598555 0.1002122861298291 -0.3040116620855502 0.1162306564132728 -0.2319081973217587 -0.13338831957752 -0.08465429343702009 -0.1623458810079528 -0.01729120341388722 0.2675458835304629 -0.2205841531673074 0.007254709807567857 0.00753533318021932 -0.1313403544407028 -0.1686215948586017 -0.1041993635570809 -0.1708621370091648 0.1335035908379273 -0.03691250561171851 -0.0008772346284116205 -0.09171027560239892 -0.1686025146784005 0.05864519503931259 -0.1013886456251725 -0.3735294996404464 0.1759098047517299 0.1225760765640484 0.06246615509875557 -0.09751478951215456
 0.09939136261821192 -0.01342238923049841 -0.0372743963342841 -0.09140108639459978 0.1019950909530808 0.148852954193947 0.1680454862418204 0.09483072727352163 0.004084967680440661 -0.1203946117215837 -0.3462700769211861 -0.0433706891950102 -0.1744237982617907 -0.1152363266529514 -0.3298231184527901 0.054888484063657 -0.1311579119582 -0.004108820563349021 -0.02693848166689792 0.1969771036227861 0.06861654780684059 0.1126931352019458 -0.1411065530575415 -0.2167993316946682 -0.2643920297252963 -0.05775171909947243 0.1961445420760162 0.006254907280913976 -0.01495524618317436 7.555038582220233e-05 0.08395382654975472 0.1187936835885452 -0.04938820162293553 -0.09152111007113323 -0.0682393112820852 -0.07946959728846695 -0.01506413267678432 0.1755642826271382 0.09545031264159064 0.1921474543990641 -0.2105461928275325 0.11223290897438 0.1803684448200685 -0.1764016815253621 -0.04996352883711833 -0.06559003478695442 0.2212212999595053 0.03518580196975259 0.2184252864174417 0.1424114731800902
 -0.07151578089942051 -0.05174746010077427 0.0615864684841324 0.05394163431620999 0.01059925609570935 -0.4374739255285766 -0.03247441542999006 0.02368875674002235 -0.0615834771318658 -0.2725252933845878 -0.102532759150348 0.08387291992132723 -0.1570559791976866 -0.2438791412864814 0.02700474908730244 0.2933513834486224 0.06597691221460486 0.07528953697490093 -0.08022335588996792 -0.09620720237216931 -0.2607101185117414 0.1917067404876629 -0.02398866936330929 0.06706201911106111 0.05860353597699738 0.1872235168386413 -0.08722911105528923 0.04611762737653843 0.2051842484845829 -0.1364190095899493 -0.02879017176209874 0.1896982509550746 0.1722359862924873 0.05843493055317529 -0.1121519013872061 0.05763157323638612 -0.04605528485405364 -0.02124186079589589 0.1602874874396641 0.147964232032313 -0.2400734431586112 -0.07170875582460902 -0.04317337466757568 0.1649759007739234 0.1078497195079926 -0.03532750325395288 -0.00257215135113237 -0.1684925155941166 0.01283335599977727 -0.1102925299497606
 -0.223263741632228 -0.1030788524860745 -0.02647768332363078 -0.05139324693119556 -0.05620737945921431 -0.08444835059216575 -0.1293458869588203 -0.2841647604774274 0.02871648855554109 -0.06298900061037348 0.05242593327799314 -0.04780615682423456 -0.1434627390000519 -0.07381723878611265 0.03097715892264722 -0.06592263330702863 0.09337650741534834 0.4339313730893982 -0.07557535571932887 0.04315641668334225 0.1397904633140814 -0.1877085224378741 0.03032973892354116 -0.1051484402522233 -0.1106838867684552 0.01407282207394445 0.04593827604786122 0.1081378777664369 -0.2270872357535922 0.0135941542690143 -0.04253414500009016 0.09966853500069772 -0.1738165042301497 0.05781293761032918 -0.1265585783644075 -0.06370503425374427 0.2885061206392801 -0.02951528013704666 0.1791100309560088 -0.1715986422051186 -0.2038585627733468 0.03391247501277222 0.174705887147435 -0.1513137767107811 0.01134512536575895 -0.03813972185606188 -0.2957884363790184 -0.09018924095614567 -0.1362468841662654 0.1224767077913546
 0.02233420384897808 -0.03013156106246723 0.0150262518281454 -0.2852460148414456 0.09331809397103162 -0.01985741074404711 -0.1827741772482128 -0.1034726773205437 0.08013800539922727 0.2446599384672051 -0.1731706108429744 -0.04290439800394473 -0.1813537359568688 0.0228416684063037 0.1950556540183719 -0.1058291008869841 -0.01413751448881754 -0.1283962838770083 -0.3589401693063 0.09481125624228461 0.03658345937165951 -0.00401614426567385 -0.05677990412039622 0.01945641603517539 0.07820954962924936 -0.1473912420522021 -0.1029129447078925 0.2059394971935229 -0.1020835996114589 -0.07054325581580061 -0.3096205018646201 -0.27936092356875 0.07519038891879183 0.06214117928105241 0.03403214273852792 -0.134187109877974 -0.06819196872152852 0.03444345938105748 0.123651911388629 0.112894816951978 -0.108681952793189 -0.1460886499036506 -0.1788940965140459 0.08573494849572147 -0.06772353591417431 0.07012683144249404 0.08611997353516304 -0.2278993360016296 0.1883804545748758 0.1183121179458692
 0.01037533307287333 0.1856384101333084 -0.1129641235435692 0.214014223635529 0.05215045958674797 0.1171023252456885 0.01368722724453792 0.01267998111603575 -0.02078023831483824 -0.2212753382547958 -0.154415330924393 0.04821839038739483 -0.1817693927310276 -0.1898326707453376 0.07186659787323298 -0.2269128290595634 -0.2861458517558853 0.1167480688910652 -0.02173287253368154 -0.009665326576603232 0.06534902551722646 0.01865105928765921 -0.0159840504567964 0.1861570151895656 -0.1659598694704908 -0.1601538663297317 0.04590280566060476 0.1427714267858183 -0.06570588973962828 -0.1311866619605586 0.1435161263047592 -0.0435172976066062 0.01839254898741226 0.1926426767424774 -0.1343513387023522 0.009054275243551936 0.01431959270363351 0.2691953931871057 -0.1143247122876071 0.1257729744336566 0.2719821695513442 -0.04753322105521066 -0.190048847277725 0.2072399022523748 -0.1396546957299485 -0.02597642777154221 -0.2033919715068646 -0.1102612512371602 -0.1928902644684159 -0.1006733143120615
 0.0895430664661316 0.1967121684470718 -0.05389040438767204 0.1572153854527146 0.1891098286827842 0.02471738456388455 0.06646301086122275 -0.160480229166437 0.0878581633886303 0.07497614664140845 -0.2043285586856871 -0.202757727054929 -0.03380972050146488 -0.0141536653921107 0.3011897149010224 0.03029726944624921 0.20293559872685 0.06860893167227959 0.1917704760738115 -0.08557673081683938 -0.1579527264189953 -0.1519741337687807 0.1458849089596569 0.1372428105466798 -0.1366128180293323 -0.1137776269409022 -0.1578626687759347 -0.08569529229366785 0.1204240035207112 -0.08338622174982127 0.1681878353409458 -0.03236083274362991 -0.09316762841040085 -0.1755860859323062 0.09516259981507284 0.03954184623637727 -0.2427654241475369 0.09736247093365583 0.06971641901880703 -0.09001181187108846 -0.1929820628866613 0.01202244186606216 0.2502995621482236 0.1501939869280167 -0.1350451890609549 0.1667693087723053 0.04958527888591398 -0.03773166934586389 -0.05050997773512041 0.2655999235268788
