# Created by Octave 4.0.0, Thu Apr 06 22:59:57 2017 BST <mno@mno-xps13>
# name: o
# type: matrix
# rows: 1
# columns: 1000
 -54.29520197918337 -35.86242431904409 76.91801438600459 -72.78022324052576 -90.98953132188201 33.26674697816735 41.5538512389056 47.98353571440745 -37.04960934934147 -91.25886770334725 -15.69564142049388 17.92381215032083 -59.70012206666914 -3.445502162447998 -41.37783003074505 -34.06597147017392 30.22927684575876 10.28858180168126 35.15595375271862 -7.396176142122006 19.8381208351816 -13.14197127566739 -69.57734865273522 -54.09553074221366 51.81743363882649 97.46797381484485 -45.43399826539263 74.35062536108626 -48.9634996935353 -75.16871013117482 -34.61528132530445 -55.506364851116 8.501587772295451 67.25242823624994 -27.59229145776535 7.415196801182821 -80.04561657053034 -39.24653787763774 -26.19068066144385 43.99604987866187 -44.63291455123827 -23.46052161631063 -36.29729711050626 70.32961893018064 -18.24516031872773 -30.72553389525977 -8.829470843120509 60.32348807585169 -18.24642911505597 -79.86005965877185 28.43407235368998 -20.50665120943899 -96.13958968118787 -71.03223208568859 -8.981175818208117 -9.073708851162857 -16.61736459712793 -52.34283341467526 -24.91407316309703 20.10387148930966 -64.49427013430606 45.60625543293265 -30.15042526446968 -6.218974959320656 50.49001395055681 -39.00099707773681 -85.10868617986851 4.453764939872117 81.07876595210379 6.223896564777778 -47.83722347375308 -45.22035763286664 26.25760844826646 -84.08615606668542 -21.8029065408732 -11.90114228316732 -48.94533756634254 99.58593421872027 -14.40709073593375 -25.14576048186474 75.60976458115847 49.69993329304837 75.29082511385344 26.09562516066912 97.53479787918465 75.4407473459149 -55.99933305823885 54.45224450669205 38.64454333271777 88.58212422307349 8.792197932727309 -32.31547615072871 -25.12395664671727 21.79817138272522 -85.98980278156574 45.70034980347404 63.28937510189252 -22.05262233853368 -53.477315516293 44.81242886236556 0.7215683273017839 -45.98014623558024 15.24003663409849 -36.57775280164035 -11.57540435659336 -97.91409234254141 19.04155359584979 62.24822001888993 3.564382378419926 -18.74644144303369 13.72137065823646 1.208796623389077 16.88842521028485 26.76125810406496 19.76443278497729 65.14603841693258 93.02073287602801 13.69583039201617 -46.19803958146966 -13.28225506421608 -11.82330203577321 -89.33777486574319 -27.19178111933506 45.02200271521883 70.7434330344544 -4.507733542458013 -60.81091580815792 97.57151066238073 -60.65812226318626 -58.20421419949744 90.88149298616437 -55.36699853374638 -39.22582078952678 2.660590514649897 8.632141846797262 49.28927927764602 -35.92305450793714 -59.98901821850964 -44.80644187665517 28.01479844088233 -93.56186608465413 1.839622039841456 92.57657764957598 63.03785734530965 -74.14569542454068 28.87896516793237 71.98561020753522 -64.46514414008679 58.2582703976271 5.918677737919966 97.47457863731168 76.1231830444697 11.76178871109166 -4.723531865761274 12.93581803784039 32.18000673975907 37.22222982429598 7.381185237723551 74.3386158367197 20.53106065544055 22.84459729846469 -30.43024707007611 -92.00181066260056 94.40688087649404 -25.70683796335486 -44.87735731189358 90.95175214303747 1.784412249458504 69.71910185921739 17.88694793097869 4.618394173652221 21.90921024300712 74.68169572785013 49.37218683031232 -3.270970779929364 49.01124893125164 -53.27189764562104 -61.42028114502259 61.48648044016611 26.89279379636316 -11.93582681847292 -38.87720886753497 -76.06330634999388 38.24980632033419 -69.74440347107679 -3.442088197236283 33.81494948889369 21.07961575794926 68.48527055579456 75.67229672097689 -43.11918470096871 30.37655849604909 -52.1641763833353 -1.768001645412592 -55.41115733879756 23.25684387313272 -7.174001671504517 -63.5069386131962 -88.66236335460697 96.72380307140833 -16.43583196238669 33.36378361079176 42.60311181564225 47.2160600447346 25.89741051885444 -2.566545244910205 82.71895470735629 54.74012318863469 7.388683046957882 81.44793976227334 6.556803740544012 92.38559057185178 -88.75617173871122 -83.34838141721191 -71.58363424017963 -14.00116999245935 94.09601668573892 43.93157122948769 61.88229602395587 4.748487313350229 87.35215046825438 -42.06237632083276 -18.47397005788171 -74.74680675109367 48.27401823499801 0.1117371796983359 -20.35716333628 -23.80485484517197 4.102136387589135 65.58282934088579 50.20768002272402 -9.25723353141044 3.980375814275621 -83.26436924257023 -29.65930665991713 27.39174467512111 -6.293829858191147 17.62423612178845 -52.78303394819991 -93.64626038870499 -80.51339636871032 5.364161527511162 -20.06756423181305 -80.10149387078714 30.5648902826892 84.59530950143869 17.04311579247378 24.70318866461233 -19.64020351865049 -1.994399141847469 -11.63340603959052 38.35971221067709 91.49523242756653 -15.5213381192706 39.59074111083117 -9.153641765112647 1.996941723461283 -13.86775573508103 5.534246317453325 -49.18564728961047 -76.9879240812738 78.0972084326929 -43.89078431095115 -42.38933477858411 -89.80659776942788 95.7639076474718 -35.56424555319212 -47.8556684534374 -15.11900022177507 -87.6211674155783 -43.31836239648006 -58.1057374946929 36.43551717923553 -61.37222884619131 -87.19857283115837 -87.14828014552548 28.02608333576939 -34.89369013615613 50.66305448705742 -28.10112377718156 85.76291056616509 96.23376218557104 43.46852190649876 -14.12508380116282 23.73097290577088 -35.58071290601293 -93.34919200233487 -59.60192651876378 45.79167263327279 91.63958902600638 32.33787439583994 72.6621279856172 -78.6848557947396 15.43715200084574 26.80919125120813 9.973409706094625 80.19703887209835 76.55728401437798 -22.25777652403492 43.94600276333608 14.50728121782925 -49.6733520047276 86.82921547905254 -97.40004087106308 38.0198846392863 80.60383910203545 96.90008446904655 10.45346310784692 0.7036762543372573 0.8692792006963638 99.59289400610795 24.05029149844009 -13.27129875322482 32.10157342441965 -93.0719168083363 90.63723536687473 -43.36855916531042 69.29443372208769 -32.03516161061865 -16.4314894728426 -47.34651238304328 -46.18906828294623 63.0069027366204 37.62016927310555 -56.72776710803406 68.81346639688302 37.79754803003913 92.58344623693903 -95.2768001643683 -47.15749459106686 3.978243851531459 -73.17415850065807 24.43795820209037 5.03293842752604 84.07656122273542 -49.03915416919016 -25.83716784271117 -45.59236433308772 84.58497718441748 99.46581895471589 95.93180927297925 12.26390337876666 -36.64127360362903 -19.7499714806125 -1.094222860034545 87.08260373970967 68.17349725984029 -49.54301199091722 27.99766403419241 -81.53762915299635 -73.22732197028635 -37.59088534333434 27.74839824600146 -68.93425519726615 -10.0095959977706 13.2853165314211 39.32304887319107 -14.68502881741227 -75.6598606514022 -1.955706646958803 95.4007728327293 3.616937991184935 96.37465380898196 35.39008482070109 -22.72061869722631 61.85754118840875 -5.578808988246924 -36.454498427365 -8.6301531457935 -17.32851736713877 55.93304694672834 -76.8838217135858 -91.46950603520774 40.87604728107214 46.68418058137766 0.2637126806394747 7.511712368344964 -57.76671241742757 33.38712001336761 -0.1694717055571886 46.82761893994364 59.12084073723648 -50.83321122106594 3.993365828417795 25.32132763877322 -20.79880039880059 24.86534650490406 -0.5861737138799168 -0.1894652610832162 27.84231405080093 51.98640417397671 -47.9360569744557 -34.80167980385641 -67.49150943727182 -35.97765170794667 -82.33651379102361 0.5866999434124516 -57.38996637178712 -18.7725938627673 -74.57103516689327 -90.58051129823717 -57.26795919048486 89.79174370045779 95.5844115365457 -6.72572128133505 6.450025997844403 8.730920913513492 63.18021875588824 -56.1507706372404 30.54907146094145 50.04425608669272 -35.696090753635 -38.14100697206497 7.11624482317995 3.326891717402394 24.44587548344955 13.44784935190906 29.99101558137727 -6.712479567825663 -4.964994564717736 38.5483621860917 3.199553575303992 67.42754394529483 53.70633019693312 34.10587723845461 93.41577955409373 -31.25808564273085 -29.68865498131161 