# Created by Octave 4.0.0, Thu Apr 06 22:59:57 2017 BST <mno@mno-xps13>
# name: o
# type: matrix
# rows: 1
# columns: 1000
 -83.17668252093013 -44.65833596993413 66.42275454756451 2.044098421753827 -98.65842888129255 57.00888513827059 3.607639890893068 -22.85462155973628 -95.876087020523 74.43366760661119 -57.49026413544148 22.95852043321893 -27.93976294283264 87.76147833314168 96.2873474607259 -23.9051532973644 16.54666166233482 38.0943382305714 91.46024656214274 2.755180055691289 -76.7420959446209 87.80242020311836 39.14134875373023 -89.82443511853195 -64.0070911255643 -7.568108745838566 -41.50273750256925 -73.45037261687345 50.59969512345347 -63.15682562366954 -1.792312724944622 -37.01183083154989 30.26142946696018 -20.12687734028408 -12.46796631010248 37.70807840500272 -87.96462787375182 -2.452205132917274 -74.98329351545746 34.82201137794187 -46.42476077042674 7.966499822781163 74.46905305992874 75.10880484341293 -22.64749873948689 -3.408740327708965 -11.14251748165657 -68.19719461348248 47.8601259073419 -1.168569091585376 -58.24086537506499 70.11479555214942 52.07164922667179 95.63016748287606 43.46875480733618 -15.36881768133429 59.47740658721512 28.06140265071416 39.93623441150208 -11.04791106162948 25.4527969855684 -6.052618290347984 -32.58282341554867 75.91197964228662 -30.35258409064445 24.62125488931517 24.45502381010938 -38.18732788914742 -13.05392900085713 46.3669324618575 -62.14385886700415 92.45227701668132 -4.564079677988206 33.27492036358446 63.30271668088848 -39.87846149850152 -17.28591291339049 -53.0957650652736 62.50825286453998 -58.99393918165544 -30.09410668948794 74.58113244974344 10.99316124248545 -60.69282663080975 2.308341617577171 -84.56686694761881 15.27143688923952 -11.39654642313245 43.55447112223252 37.59331685658172 -26.07871643718158 17.85097584963069 -52.53166031982489 64.04088455348834 -19.07006953473489 29.02071116835446 -5.037802552320414 93.23631343384807 27.08539284200418 -43.2211286052439 64.75376773763332 39.06335563628968 -2.462160591236604 48.41892195162581 29.96215902177813 -92.19995378621999 84.34665947153218 98.86633233332114 23.13252081784604 -13.90440071084794 -12.11775373420235 -17.2241498255556 -49.37974248384664 36.5267334432197 -2.186691956301021 -44.91389382255513 -34.83393339185671 -16.16456429777761 70.58595170902971 -22.27408013891883 39.38580003457272 -24.69461945456544 -3.150028619117551 81.79395608259787 -32.85338789845269 23.00967981661291 56.19387729263262 -51.2599143726509 -40.00494299215688 -29.37162290114432 22.00471037781298 -4.846324403662821 32.16256098480365 17.93660741877814 -62.97800162808417 -72.43952688781734 -49.88010752893104 81.98600755351812 -4.172198712584192 1.800875714862537 -92.3639405691155 20.94397470087978 -20.11368563086827 7.19342939527174 13.41992161934588 -64.78543640148769 -6.191029885605867 -33.45826644365673 -18.46608941709833 -34.04729722038994 78.00943638921825 -89.68590862026093 -17.90003232435689 4.966581991308861 15.15001759468913 -67.33252469799521 -80.42525903596409 96.30566234675095 56.40355797350164 36.05625444484042 82.18531112084582 -43.15593922706197 42.88856549472494 67.78187688413496 -31.38953821124468 -53.17450956058225 -3.247797616784321 -4.775430108600913 -43.68091468536769 -12.26792924176333 -54.85799623498197 11.9289527306125 -3.992915811203952 -28.58312003372864 42.71455803433469 -18.68832861691237 60.053229905459 53.44238585716042 94.11723037325019 23.23849026207757 58.77323048617377 8.804524684164623 23.60962463933841 -83.98479660398067 20.08010405834723 -85.67927066016698 -82.06475265646465 -77.53641792527318 -21.9923774791887 73.15693285954562 36.59377828383703 35.5380024916328 -13.91930207493659 -1.630815210797331 43.43785338988806 -36.49153864512052 39.59696013445048 -79.62555167594127 -9.423446759010069 -24.74123674843122 5.552258507270088 -93.42505527839749 -65.09821933924152 -16.71776510047516 -23.40905982813058 82.47664132676765 -86.54084513640453 -63.75968753313614 16.61296083698971 32.29331993413285 82.57229186690135 -54.79078129005614 37.93346823302789 -27.04515602121447 -8.966675758282857 -37.58115114264615 5.856668672112097 -96.53799682225151 -17.314707293919 -84.96833839338771 -27.77092165467496 -79.84083071324086 -99.6450383500693 1.236507684855852 -91.69273027927818 14.45079482062233 -20.39866048636718 88.46832043588275 41.20876537381717 -25.10069449665759 33.81230078997633 -52.82842493381377 4.375619630956581 92.76484104605626 23.6056177772095 -73.98910092920593 -30.30360230429923 23.46067998280493 75.24703418368352 23.03564980584004 19.15177494918826 12.06402311463451 20.31616206177156 -41.67279148189866 -16.05601451289406 -74.68094229339258 -4.233672947134377 48.58510229810584 -20.90588878847066 -91.31385928860394 90.15746284749879 -31.52911925858599 23.59721505197948 -64.88536960250994 45.32842906758589 -49.59026334095395 23.35651818683949 76.67544610117368 26.62212524260243 -15.57662695292276 -36.91502869574683 39.33982329800778 -78.06162039430967 -23.7206102091566 -63.82625876177436 75.53222116634055 4.942072306369102 -83.17200284593187 -14.03485461686165 82.58998158675919 -43.61366897573179 17.47033246947052 -53.76400857778997 -43.83341702575615 -11.38977453280925 -72.45790754924835 55.91968210037622 94.14734799248015 -10.10791000454718 71.32112525315257 50.30080269010064 5.563604647529834 -56.00753645450759 63.90471723972595 -44.15847548950977 -4.604445633233176 44.40094907595235 16.2293297248824 41.87991894370301 16.91012547371267 68.54427425439042 11.77752934715268 -51.70941164975856 -67.57088043398811 8.930232867928137 -8.008830334677231 89.43298808435257 -0.12943304690503 77.32883057854882 76.14078094440279 -40.45286611478777 34.90412667065156 -35.8815397102335 -84.40227211066461 -3.032131307688001 56.89579384267385 -46.27289558024319 64.6205605572775 75.14074713187362 82.32434413631471 34.57989483786007 32.2302183833494 -40.07576959784385 1.674760909104945 -1.63746446205759 -23.67978976331864 -18.2924205278489 9.884570324640057 -85.4689129125946 13.02672253387258 48.49175624264404 6.690739810057176 -15.64961707077063 -14.58480706863272 -32.14531702125451 82.83182424425215 -48.77418704557302 -96.96728271507803 31.12339689613829 -39.27980840023486 -18.26606347284017 21.32459879220598 39.72390773157275 -43.35510382651799 -85.97460898709163 95.6867706960215 29.26702785059316 27.37026133840259 -92.56981091582148 26.89164809207761 27.61528034244695 -75.30769779578459 29.25600007471115 -53.34551469279197 10.62217390943538 15.45875787124025 12.13328937891867 -34.51094816909162 -5.815060284632032 -81.2028311649542 35.70206018814292 97.61871476958657 93.03502239479343 43.01651891202793 -63.15506098187775 -23.72557421824705 -58.4359271922142 6.371376437977377 -30.10494140491595 28.97149894504491 -58.83843855363945 -23.65814227497768 -77.43746835499165 -93.61595188374183 -10.94705919359288 -16.57318643067359 -57.75294517093494 97.78060237586409 57.08778845159782 -5.47694792837753 95.34324942048698 72.22773826291198 84.33796427746195 90.82809666991243 1.875382944235071 -1.591527360476235 4.296453185235249 -4.674756729825915 -48.61368557719047 -50.19108136345799 -37.63324324883033 -10.47757885371103 -22.15644054844586 22.53139021509458 26.69403061498254 -77.32561296594592 58.37474814604384 21.67786250410463 -90.14886094382338 -57.88024714866656 24.01021274194593 -45.76639088947388 85.31555495745245 42.84489092248911 66.04607842202911 -14.75838790818743 -46.03884258975953 12.46419930193801 -92.99717388747439 24.79211185348997 2.106950854484865 36.39935412478756 63.19988336788559 31.17234807539928 -7.77528902198187 60.39887045676022 85.17662781665433 -64.46041569509259 -23.61492063467643 40.38406344895186 -35.17467808238275 -86.92125271865365 27.22154513983012 -51.65521187659174 60.77708944732304 68.95024060676464 -62.85182988281066 3.714313101744472 -30.76919475799656 48.29959552695891 53.15315508137702 -28.80280205977251 64.94871467499495 -95.55851366611465 22.67123992416219 -31.47637175489365 -10.03918356726695 