# Created by Octave 4.0.0, Thu Apr 06 22:59:57 2017 BST <mno@mno-xps13>
# name: o
# type: matrix
# rows: 1
# columns: 1000
 49.12206656184806 52.63384551230666 -19.36292255591755 -78.42539606734448 -23.9628921271684 -84.0013995450516 13.45522728238976 32.26700138662893 14.98901274988525 2.186667373861878 -24.72263296242166 -94.43443465139899 -4.833371557809682 90.27312901039181 52.27345713731519 -2.222068017128801 -6.577333799772727 -59.95001073162523 -68.38782434185197 -23.15828134844648 8.425635900440891 45.81225005801778 12.8578870286376 -66.12600150417698 25.70401959554212 22.40292007761865 43.25417846217348 23.07257124648656 -27.63192750937672 -95.65789598623138 77.524331161484 -34.84553277911518 -13.56845164839324 61.66315790270711 -83.57688892432338 -32.40601334743341 -1.90022152748823 -83.33503434753877 60.67492573088161 -31.29785504978275 -24.43021620704236 -14.50914611365122 -13.33270236069111 -1.909655852856227 89.67589717235938 -0.6241777378856681 72.06241703001592 -31.34817709083444 -26.03758501840485 5.244487652557716 62.41435419363894 -22.41544675553677 94.43909528181293 84.1168486040733 -17.78898700175305 31.6840929658369 -42.30652531167065 -38.29294446459735 37.16722656540091 -42.89258046522219 43.62736552347957 88.79013326877323 13.52405230404132 -4.022291616474534 -64.62655447656796 35.52983073253218 58.927332410114 -88.03629400946582 80.45179293031853 -89.57752206680138 16.44653863865937 10.31134221043631 -20.43489089568824 27.88686654643029 21.80329823318787 26.63764645993614 -66.78756885857464 -64.12909085685628 -6.188621434959037 -18.35266346379923 58.82006181213939 -87.90194435306722 88.9054409739548 20.6210960044783 52.63750627181517 -8.701586391201454 27.36152312975603 -58.18773088029366 -9.565715346639028 17.84387907243912 3.220706664381912 -16.02557593450135 67.42848048326768 56.11540238916217 19.30672091186614 -45.67793248472844 -58.36352206731459 51.72993654498693 8.953132007496967 25.18715950804958 -41.21326562163543 64.76918103439266 -34.21804629414598 36.73103443078888 -29.09477097024612 36.45576053333831 -48.42913300533607 5.665820421814594 -69.63683440760262 -9.661446725032922 -52.03535676194824 -51.5857678165717 85.94251960586551 31.06652782439448 96.90096959090076 29.09656840986834 -64.20731820000243 57.18295321680055 -0.2189812789974656 74.38920318786568 41.51287496123548 -9.009779554768498 -26.09961060759634 -40.01171014457064 21.86684193988115 3.955042296084587 7.263260422795255 -98.76057934643008 -45.72475167710846 0.8565908724330427 74.73409176276481 45.87423766881391 -1.296438411032592 -60.59860317385473 70.56905437226568 -85.69389604430664 -31.02012286017458 29.99729297347217 76.93890854863163 33.18161748268832 -9.35743323085096 77.08429773911388 67.69004584740146 -72.78904619153984 -21.64861265129704 24.60048825838421 75.40375575217125 57.06744721113184 -43.62593599624339 -4.429290582392794 10.12176813395653 -74.98087291548636 17.06745460219028 66.35678755922399 12.29178097688906 88.94464369851067 -7.790615589621491 47.1733581484898 60.08371246584041 1.926277709683627 83.75731740781139 -86.88191775878991 92.83151161096178 -84.35947747586673 5.465697745353572 -10.64618222766041 -71.68684715619644 -41.91333238972895 -82.5254280899224 48.35135023192738 -55.79375226765596 -6.039273814947606 -11.27339298155812 -49.51283469929039 -53.63206885198324 -29.88207845845515 -84.08553544706508 20.12490270361947 20.66735662498809 5.694255279444334 26.51350787791383 50.90042019559869 25.55979994126525 53.21051487886235 -9.196973051950041 23.43038923464772 12.91864560080904 -6.252001708644546 -98.26931608857002 68.42263674654836 67.87340743288345 45.30605394591596 88.78925768093613 69.46699616318799 -7.146435009205787 28.31404259976356 -5.667770233061027 74.21939484870252 -65.12000815279242 7.266877119415885 26.04712722099129 64.64798113933955 -36.86990847433398 -49.54017214051137 15.74322833660859 -0.599027818788335 17.68306528309565 44.63007132049446 18.17116490093033 19.3914761731386 72.69534310751432 -64.31012555555006 1.032964249084116 67.69024468833378 84.2540376478844 90.36423438809041 48.65887957310258 53.09179419075274 88.24742252407057 -69.45070028692508 -85.51776141767554 65.17997080831806 75.50339394812103 63.95167141029303 -90.2417394902309 -37.35649284987251 -9.037285001806428 95.81455304742184 -11.44911825005068 29.12142772377487 -74.03735687493473 -65.14704789209004 96.64424018247209 -16.73358111076052 70.46299221752739 45.98639340982514 20.07554991567788 5.945282791370502 19.70440859092084 -26.08596808293735 5.95141334388431 38.45781845947081 48.10084511992565 8.86301476466493 76.41330300073254 8.997243287864547 -29.00443259358351 -79.65946249711405 -27.60050850431103 99.43843629385047 9.08070743164066 44.23748016334208 -2.582586741751256 -36.03623865931112 -31.23695122299496 96.80741365843922 41.32259905718808 -51.78011029289195 8.750842509614136 -94.08883234205065 -66.60922007623836 43.40980869649975 79.81933310216826 63.61617033018899 -31.3104766320428 -50.82263081234429 58.2579500249943 -24.52212046884127 26.05942687289783 60.89236796645322 -59.47675813638844 -26.95981677777437 73.0041535965735 32.27053752896819 67.41381780775578 42.92432227337007 23.3943217358345 60.2353980584394 26.35079152679952 91.3696343688479 18.80565159253691 -6.24851091172381 10.21070698028287 -31.27820405675811 61.47505808404239 69.46145024282792 64.15012480183205 -35.65151829331825 57.165115826733 -4.155949335936268 62.89416649470855 -27.55262087076977 -69.63072093302323 -98.00414636408162 40.10882922872433 62.78952152677429 -96.57970644907775 -90.53152294263778 76.38020992334779 71.8550417577061 -54.19059059477475 -34.49198972836269 32.81219654978126 84.18337013115807 -20.95944808796038 28.80680701009911 -86.36220424283518 -30.21444950041827 -46.79563946204705 -70.60858025463737 -61.74752029432354 -72.37256125729049 -80.35257145079068 27.66592897305481 89.00194465238891 -21.19673944360929 50.06143230264713 -35.34199955661329 -40.97881006212864 71.17680465181884 -91.04200895886002 58.36927246044238 55.02071159081616 -93.68666114494472 93.82902136987519 -28.35326776917477 -22.69816435043624 55.80692435597086 -30.0634366147275 39.18849923002568 65.99965302152499 -34.92290073576802 -38.06573429867763 20.81970311324579 48.59242987757324 24.2793406678971 6.529442222268268 -85.87790037691519 81.4853078406145 -15.4138594470101 56.30753750668824 -56.50706132362971 -79.8635254330266 3.548113480070172 61.37163053895159 38.45753322607285 -56.33650564692186 -84.61384962209215 11.75647561906713 -34.09229858179248 -1.858253173371416 7.54325153939218 36.82406420026519 -44.72801076588843 33.0141755502794 -9.164401271985515 65.23263215624824 86.34334684389295 -83.47759678480712 -85.98352936099245 -69.99171404726816 -0.9212858327181648 54.18040762667583 -43.96923630924214 -14.27329465534425 -12.64353343737684 44.78707107986472 77.36474637280426 1.230345274802637 -4.268845586583928 43.32456716855376 29.44920861972327 -18.44003833617904 64.36607970633106 61.92499709213806 -50.56349071229263 98.57957311430839 54.31773322382561 98.07356063506838 24.91362667958238 -5.613012026375142 82.68962784485777 92.0039687521129 -27.37868932242105 19.07394233627812 -48.90945060520873 39.2335635111384 17.16644538875802 -5.340397397285265 23.32894617278084 64.92626664419141 -39.49977291512852 41.85513109165969 65.92256625312616 97.12188537330402 54.75376627423709 13.23439303272448 -15.84243681405666 -29.69708462442313 73.45423538754497 24.6619905851738 85.79934040181442 -35.41342247726596 -20.72697088047675 24.70673365290822 0.1529784774029588 18.69668022045671 -42.46921389978592 -15.92730442811508 -23.89397536486213 9.15875475149636 8.631383604756456 -81.66016659917888 -99.78469991162359 -80.03760953482231 -57.11913584394475 -13.975989686873 -72.04974969085153 43.62262399625648 32.01486810050657 -63.44813658677965 79.58163697345529 -50.44943074365934 -60.00709453263068 -87.35851156148414 44.87576201122076 -56.28557073455983 14.07510483717518 