# Created by Octave 4.0.0, Thu Apr 06 22:59:57 2017 BST <mno@mno-xps13>
# name: o
# type: matrix
# rows: 1
# columns: 1000
 -10.91574491138708 37.83192205119582 -9.937674063223641 0.7446861028700171 16.32436095960268 4.911262416442741 -71.66953644776378 51.43182782499967 60.63286683449394 5.188330604293822 -41.70525371599341 47.03087583712143 -1.521296653300556 77.62711608338658 79.62248765680971 7.661410634097738 77.09196699700595 56.31758953035393 -21.58546669848695 66.24063377265689 46.92874485440739 36.450727908847 -14.53190408271921 94.69615122407296 -49.27582221903717 27.38581014374087 36.71330702410874 -14.43222717464593 -89.61326286795764 76.57823578624162 -75.24380593426086 88.07769491873837 -67.92490801561208 86.84725219381184 14.1538088645935 -82.05388658316161 -42.71570584162198 -21.37331159315065 -13.43060507737974 40.17843784396872 -16.65198645692819 14.20763978199669 -51.6752617039394 -13.32743082721296 -5.196791314223358 -65.83955418569059 30.43941723350206 -21.55452791924704 -6.541882814201092 98.11558727868908 2.450841819506981 94.68515295551229 -31.10861088666771 57.86302731963761 22.16834720005997 -60.04733840195308 47.12822102890457 -22.07801449752851 -62.28841413794746 -43.34408788301908 23.15512231181026 -45.02402295230667 -70.34147356753566 4.084468147101589 24.98240971672495 -95.14841000247807 22.72298621974377 8.954061390585705 -93.9526424937647 59.12944886723617 91.00809757657231 -10.47382308088786 13.61250807195647 6.250502555474384 84.81082611880647 32.3492248444184 69.604819615133 25.29482447614954 41.28375337964605 2.664072907304233 -67.00386799487335 38.58759920856265 -39.96983376088068 -22.59752526145873 -84.49512019130266 36.34288938389938 -11.35720239192338 68.22902284131676 8.9242228303958 -14.26090018377757 -39.08075725869561 84.2685581733483 -27.76847290759069 -36.24044114693215 44.7330733790274 72.20500412351778 54.69519824407961 18.32600900627915 -4.107675545020315 -35.40954205189229 3.165127218286025 -26.30342787918407 -24.2094168615437 77.903579819161 -71.91845565735676 -41.33879446817181 -88.50656110978066 28.47466783209805 37.12934435505903 -44.32130852703514 79.39696287003615 85.21851649335983 -92.02302714170708 22.3336414835109 -4.175525760678394 -57.39420334627881 -21.9436380144132 -14.77243822493651 86.4249756203341 16.89000856109657 -25.03235943833324 -56.00760812499305 25.93582840416848 -39.27893176255548 92.11763751814254 3.905561719381289 -73.96051500967418 -63.19882761803015 94.424126738368 28.71829378539041 7.65060800394936 6.73630537029592 27.13020595180046 91.59645817796529 7.519245979031993 -84.01752436311796 -43.68427461372248 44.90627233429984 -35.04443352675786 75.54474270069178 51.07716004706353 -34.33367592025889 31.89329522599302 -78.34177645186307 -69.56331350822502 64.90673549504302 -13.4269883887633 10.54756550428508 -32.03922196456814 80.42295260990171 26.66373434775325 13.57894370245262 94.92806037638552 -71.69789826798288 -42.07302833049696 48.14302648604059 -31.08288070591928 -84.09531927764894 4.9772786134804 -80.35954517320432 -10.84178299700554 -61.79282429036333 52.00874612706215 -18.82287731119911 -76.49790882526079 -70.70334999671164 67.62651190988373 -4.683090985510261 -50.84839531175464 71.92132667949636 64.27684411308779 -60.67996512191959 -27.40595436284034 61.90833839435446 66.05774730383831 -64.75883973640924 48.45258501998525 5.437687220503984 -23.08111108767735 -94.40539013385828 -74.62442703479162 35.04322539361896 -19.13759280666427 -76.41101681750099 4.38919293770211 -44.64980063558821 11.26595803135082 64.61851811785516 94.60039532705736 84.36772583712136 40.24347875589196 -90.1797588453874 7.605176648893623 16.25652149024054 63.71021865588662 45.78624821269734 12.91922704542288 -18.59330969525406 -65.29200775696985 -45.0201796934185 69.37848396921905 -59.07574355309471 40.67301104467212 -52.05760056435787 -49.3439792487296 -18.0157219225263 -50.91855862141393 -21.4257944607754 7.7591216654468 77.44618098233897 43.26594736966266 11.40550532858994 53.42083863264009 11.30666206849686 13.70232192236733 58.23173453275191 53.45463740862363 63.63969144210682 9.75224786421362 82.84892861182129 7.081832341476651 -66.8834178438748 54.88529468542949 20.16582146211871 31.45029909135203 25.2889071882527 54.53679396792752 73.32830586683025 -26.89880764980942 29.24583197999025 -73.03428184485314 7.268702299707276 65.85431215274373 -92.3449566326511 -18.13308025688865 95.31230105456427 -10.21716971993458 18.0969062087121 23.74694615014355 -53.2791764393586 -61.23301029869587 -27.94170781409541 81.45963141299308 97.26773758469739 22.55895371871688 -97.2802760920251 88.41816932346181 7.628492243773856 56.58682599152753 -22.96506911220311 -45.47320001335846 -4.612584034089713 1.167428948370003 32.22557652324743 71.03465071325405 -72.65520915261301 -24.87421417283671 0.2369772248298414 98.20874158674842 -8.302863388271877 28.05017366370323 -74.36111562097395 -76.47846572395076 -51.96456307464712 -64.45866832195338 19.02840158643095 -63.79784525390264 90.1917383423439 33.74401347764532 -18.90884286871086 3.398487605928234 -29.66320517300367 39.81888366588712 -35.6238074018521 -89.2800104680324 79.73936020115467 74.33201135899799 -73.10665545689841 -68.35977795016643 -74.23432186202319 -35.87051672212694 -4.717087107547952 -1.8164731861812 46.92449832522444 34.5126461572481 -36.79758658860843 1.035377914029232 -17.10169530536192 0.5575467191732562 29.9211515930825 -1.773901540452459 -82.73863663296085 -87.3162915211651 12.73761793886567 -11.68224164361669 -59.25720481552408 71.02987636551477 -67.62681884892139 -6.817948622194454 82.65357243459641 -56.67740386092103 22.15376021529886 -21.85990922734335 -11.13251929810668 -74.37388108339486 27.12298918896877 -65.6459924324342 -98.10487660285409 -4.625602321100063 81.28382865382152 91.13697055634367 -29.94781895110485 -22.88628844120308 86.20628334540969 88.31828090040271 -63.89556688263933 41.13080657953685 -51.36007657707302 -2.319391559971151 -15.09991232607402 22.85593260403231 -3.559303108754982 51.21669027285039 84.996776700536 41.31258223757748 -2.831760472245758 28.06776627694943 17.33044891421264 25.63272005381097 9.628568023250505 -79.11130943967862 -0.1058567726889955 -37.7249023902101 3.683565745255959 -31.67311882589219 -33.44955894194991 33.22644659502946 -78.34334582018705 -30.23663161195987 -30.21327522141241 67.97321286623652 -77.75941186102735 33.89044320711656 -35.24133069577677 42.6733867968215 -9.817559108491801 -68.59291376027227 95.59070987983802 -44.60723197687379 55.51887116999755 38.985956749776 42.3772983661902 5.68379720080289 -38.79987621777906 37.66142536292102 74.08638098166014 -90.63399993998095 -88.60594260157704 28.95412522184752 96.59782469895497 -40.19540588898175 76.4345896805458 50.19667827780778 -96.50319944299966 45.57631907095594 74.67696921296226 -7.604127873565286 17.6938311221645 -96.92362679786514 14.22643782451549 27.0441037082087 -86.76159535142394 -48.5388374042177 -53.94336489453558 -80.7552530444699 37.45496635966257 -7.882333563113454 49.65619603178921 -47.03173365178218 -66.38320000045734 -88.65890210982042 -67.86087372951991 92.59591955547181 -26.06265150481297 -21.72180634211125 67.36961307279839 -24.85176255057445 -98.47869837334405 15.91607922960162 -77.78123326829822 43.38059327601125 54.99668813280307 -9.67484965946438 -33.61341993707786 82.56122864347516 57.33158231084179 8.937962837569984 89.56249763125581 -34.88708348093805 -20.60165286516686 27.94347927310663 1.562287027888153 29.21248369523929 -63.35386175676187 -74.20703519856072 -66.86797629249359 -1.044621884102089 1.497884892068284 43.1112925096447 97.9591415213977 42.93451230659773 5.497950787063684 -82.47637717562482 28.33689707388521 -47.77540334415824 -46.8184210030156 74.99269248283842 19.25549832169341 -60.66740034590765 -33.90830164171619 -5.949158056974244 -37.24627038525748 -92.39011984712261 94.4962356710007 36.42560796404077 42.79990660859215 -18.1087188570286 -70.4426452218444 -10.30887909438587 